/rn,a,b/nx0/ls1
283 -0.282 0.282 0 OUTPUT_AMP_PHASE Wavelength=0.564
 7.52086E-01   3.40694E+01
 7.48351E-01   3.35374E+01
 7.50560E-01   3.25539E+01
 7.49719E-01   3.15822E+01
 7.46524E-01   3.08001E+01
 7.44837E-01   2.99499E+01
 7.43687E-01   2.89673E+01
 7.41148E-01   2.81937E+01
 7.41618E-01   2.74754E+01
 7.39430E-01   2.63493E+01
 7.37231E-01   2.55845E+01
 7.34971E-01   2.47271E+01
 7.33299E-01   2.38701E+01
 7.34189E-01   2.29981E+01
 7.29623E-01   2.23583E+01
 7.31567E-01   2.13637E+01
 7.25434E-01   2.05537E+01
 7.24865E-01   1.97395E+01
 7.22213E-01   1.88771E+01
 7.21497E-01   1.79833E+01
 7.18651E-01   1.73843E+01
 7.17657E-01   1.63558E+01
 7.13810E-01   1.57261E+01
 7.10176E-01   1.48708E+01
 7.09944E-01   1.40103E+01
 7.05469E-01   1.32795E+01
 7.07120E-01   1.24182E+01
 7.03401E-01   1.16438E+01
 7.02133E-01   1.08615E+01
 6.98470E-01   1.01777E+01
 6.94128E-01   9.28450E+00
 6.92237E-01   8.72608E+00
 6.86781E-01   7.75154E+00
 6.87934E-01   7.06754E+00
 6.82455E-01   6.27294E+00
 6.83002E-01   5.40110E+00
 6.78470E-01   4.78761E+00
 6.75350E-01   3.98281E+00
 6.72301E-01   3.27245E+00
 6.67683E-01   2.67565E+00
 6.65707E-01   1.78627E+00
 6.61859E-01   1.23616E+00
 6.60500E-01   3.64565E-01
 6.56008E-01   3.59711E+02
 6.54873E-01   3.58942E+02
 6.48811E-01   3.58272E+02
 6.46859E-01   3.57467E+02
 6.41501E-01   3.56913E+02
 6.37967E-01   3.56023E+02
 6.34715E-01   3.55517E+02
 6.30779E-01   3.54731E+02
 6.27101E-01   3.54070E+02
 6.24962E-01   3.53564E+02
 6.17939E-01   3.52677E+02
 6.17908E-01   3.52360E+02
 6.08718E-01   3.51406E+02
 6.08395E-01   3.51026E+02
 6.01091E-01   3.50204E+02
 5.97878E-01   3.49632E+02
 5.94506E-01   3.48985E+02
 5.88380E-01   3.48308E+02
 5.86807E-01   3.47726E+02
 5.80158E-01   3.47091E+02
 5.76798E-01   3.46482E+02
 5.71785E-01   3.45913E+02
 5.65474E-01   3.45308E+02
 5.61919E-01   3.44716E+02
 5.54788E-01   3.44204E+02
 5.50491E-01   3.43521E+02
 5.45639E-01   3.43125E+02
 5.38493E-01   3.42386E+02
 5.37156E-01   3.42025E+02
 5.26965E-01   3.41333E+02
 5.27658E-01   3.40890E+02
 5.16217E-01   3.40327E+02
 5.16101E-01   3.39746E+02
 5.05877E-01   3.39306E+02
 5.02728E-01   3.38631E+02
 4.95374E-01   3.38243E+02
 4.88659E-01   3.37576E+02
 4.84341E-01   3.37172E+02
 4.75079E-01   3.36587E+02
 4.72661E-01   3.36156E+02
 4.62552E-01   3.35652E+02
 4.60420E-01   3.35242E+02
 4.50849E-01   3.34749E+02
 4.47778E-01   3.34428E+02
 4.39272E-01   3.33861E+02
 4.34823E-01   3.33669E+02
 4.27113E-01   3.32985E+02
 4.21543E-01   3.32910E+02
 4.13956E-01   3.32125E+02
 4.07887E-01   3.32112E+02
 3.99770E-01   3.31289E+02
 3.93823E-01   3.31263E+02
 3.84815E-01   3.30491E+02
 3.79348E-01   3.30383E+02
 3.69462E-01   3.29740E+02
 3.64485E-01   3.29507E+02
 3.54049E-01   3.29037E+02
 3.49247E-01   3.28673E+02
 3.38799E-01   3.28385E+02
 3.33670E-01   3.27903E+02
 3.23749E-01   3.27780E+02
 3.17848E-01   3.27208E+02
 3.08787E-01   3.27212E+02
 3.01879E-01   3.26592E+02
 2.93720E-01   3.26665E+02
 2.85819E-01   3.26056E+02
 2.78412E-01   3.26125E+02
 2.69653E-01   3.25587E+02
 2.62830E-01   3.25590E+02
 2.53325E-01   3.25168E+02
 2.46954E-01   3.25068E+02
 2.36812E-01   3.24777E+02
 2.30738E-01   3.24574E+02
 2.20131E-01   3.24388E+02
 2.14167E-01   3.24124E+02
 2.03300E-01   3.24000E+02
 1.97268E-01   3.23707E+02
 1.86326E-01   3.23636E+02
 1.80069E-01   3.23304E+02
 1.69233E-01   3.23310E+02
 1.62588E-01   3.22915E+02
 1.52031E-01   3.23013E+02
 1.44867E-01   3.22564E+02
 1.34718E-01   3.22731E+02
 1.26968E-01   3.22257E+02
 1.17289E-01   3.22478E+02
 1.08943E-01   3.21977E+02
 9.97215E-02   3.22265E+02
 9.08715E-02   3.21715E+02
 8.20042E-02   3.22085E+02
 7.27798E-02   3.21479E+02
 6.41654E-02   3.21918E+02
 5.46488E-02   3.21280E+02
 4.62472E-02   3.21747E+02
 3.64884E-02   3.21084E+02
 2.82606E-02   3.21553E+02
 1.83578E-02   3.20667E+02
 1.02016E-02   3.21160E+02
 3.88066E-04   2.76842E+02
 7.90505E-03   1.42111E+02
 1.77731E-02   1.42480E+02
 2.60148E-02   1.41708E+02
 3.57874E-02   1.42115E+02
 4.41120E-02   1.41637E+02
 5.37471E-02   1.42107E+02
 6.21879E-02   1.41633E+02
 7.16048E-02   1.42214E+02
 8.02519E-02   1.41692E+02
 8.93314E-02   1.42366E+02
 9.83241E-02   1.41820E+02
 1.06902E-01   1.42522E+02
 1.16399E-01   1.42034E+02
 1.24312E-01   1.42673E+02
 1.34422E-01   1.42329E+02
 1.41611E-01   1.42838E+02
 1.52320E-01   1.42671E+02
 1.58859E-01   1.43049E+02
 1.70064E-01   1.43034E+02
 1.76057E-01   1.43321E+02
 1.87645E-01   1.43425E+02
 1.93214E-01   1.43640E+02
 2.05023E-01   1.43857E+02
 2.10362E-01   1.44001E+02
 2.22152E-01   1.44334E+02
 2.27526E-01   1.44400E+02
 2.38978E-01   1.44856E+02
 2.44719E-01   1.44838E+02
 2.55459E-01   1.45417E+02
 2.61904E-01   1.45318E+02
 2.71579E-01   1.46004E+02
 2.78991E-01   1.45856E+02
 2.87327E-01   1.46589E+02
 2.95881E-01   1.46461E+02
 3.02680E-01   1.47152E+02
 3.12451E-01   1.47129E+02
 3.17665E-01   1.47694E+02
 3.28535E-01   1.47839E+02
 3.32381E-01   1.48227E+02
 3.43959E-01   1.48570E+02
 3.46961E-01   1.48769E+02
 3.58592E-01   1.49306E+02
 3.61573E-01   1.49343E+02
 3.72400E-01   1.50040E+02
 3.76363E-01   1.49974E+02
 3.85563E-01   1.50766E+02
 3.91256E-01   1.50692E+02
 3.98503E-01   1.51491E+02
 4.05957E-01   1.51510E+02
 4.11723E-01   1.52238E+02
 4.20119E-01   1.52416E+02
 4.25554E-01   1.53036E+02
 4.33469E-01   1.53374E+02
 4.39964E-01   1.53911E+02
 4.45983E-01   1.54338E+02
 4.54459E-01   1.54865E+02
 4.57968E-01   1.55278E+02
 4.68274E-01   1.55872E+02
 4.69947E-01   1.56200E+02
 4.80736E-01   1.56884E+02
 4.82425E-01   1.57140E+02
 4.91634E-01   1.57859E+02
 4.95562E-01   1.58146E+02
 5.01432E-01   1.58787E+02
 5.08892E-01   1.59227E+02
 5.11167E-01   1.59707E+02
 5.21416E-01   1.60342E+02
 5.21792E-01   1.60691E+02
 5.32321E-01   1.61424E+02
 5.33429E-01   1.61790E+02
 5.41673E-01   1.62446E+02
 5.45271E-01   1.62983E+02
 5.50496E-01   1.63463E+02
 5.56236E-01   1.64199E+02
 5.59941E-01   1.64578E+02
 5.65873E-01   1.65384E+02
 5.70247E-01   1.65836E+02
 5.74749E-01   1.66546E+02
 5.80512E-01   1.67162E+02
 5.83782E-01   1.67740E+02
 5.89677E-01   1.68426E+02
 5.93282E-01   1.68994E+02
 5.97822E-01   1.69579E+02
 6.02799E-01   1.70278E+02
 6.06000E-01   1.70726E+02
 6.11917E-01   1.71554E+02
 6.14632E-01   1.72017E+02
 6.20696E-01   1.72842E+02
 6.22753E-01   1.73457E+02
 6.29006E-01   1.74182E+02
 6.29624E-01   1.74909E+02
 6.36111E-01   1.75545E+02
 6.36434E-01   1.76282E+02
 6.41967E-01   1.76855E+02
 6.44621E-01   1.77637E+02
 6.48405E-01   1.78144E+02
 6.52948E-01   1.79055E+02
 6.57006E-01   1.79546E+02
 6.59101E-01   1.80482E+02
 6.65789E-01   1.81076E+02
 6.64189E-01   1.81837E+02
 6.71309E-01   1.82577E+02
 6.71420E-01   1.83216E+02
 6.74505E-01   1.84000E+02
 6.79922E-01   1.84765E+02
 6.79650E-01   1.85492E+02
 6.85981E-01   1.86390E+02
 6.86674E-01   1.87059E+02
 6.90354E-01   1.87875E+02
 6.91722E-01   1.88511E+02
 6.95995E-01   1.89305E+02
 6.95812E-01   1.89911E+02
 7.00980E-01   1.90919E+02
 7.02595E-01   1.91548E+02
 7.04017E-01   1.92554E+02
 7.09246E-01   1.93335E+02
 7.09409E-01   1.93960E+02
 7.12311E-01   1.94957E+02
 7.16441E-01   1.95471E+02
 7.15456E-01   1.96476E+02
 7.19509E-01   1.97265E+02
 7.19979E-01   1.98075E+02
 7.21719E-01   1.98894E+02
 7.22974E-01   1.99695E+02
 7.27509E-01   2.00485E+02
 7.26838E-01   2.01390E+02
 7.31873E-01   2.02300E+02
 7.31998E-01   2.03165E+02
 7.33454E-01   2.03924E+02
 7.35946E-01   2.04774E+02
 7.37739E-01   2.05634E+02
 7.41514E-01   2.06360E+02
 7.41369E-01   2.07333E+02
 7.44092E-01   2.08242E+02
 7.41733E-01   2.08786E+02
 7.43697E-01   2.10030E+02
 7.46306E-01   2.10803E+02
 7.49220E-01   2.11664E+02
 7.50582E-01   2.12592E+02
 7.49236E-01   2.13388E+02
 7.51868E-01   2.14262E+02
