/rn,a,b/nx0/ls1
283 -0.282 0.282 0 OUTPUT_AMP_PHASE Wavelength=0.564
 5.25109E-01   2.07893E+02
 5.22596E-01   2.06894E+02
 5.20803E-01   2.05814E+02
 5.17920E-01   2.04686E+02
 5.14467E-01   2.03608E+02
 5.11919E-01   2.02492E+02
 5.09327E-01   2.01354E+02
 5.06545E-01   2.00321E+02
 5.04142E-01   1.99225E+02
 5.00973E-01   1.98022E+02
 4.97515E-01   1.96941E+02
 4.94810E-01   1.95853E+02
 4.92263E-01   1.94700E+02
 4.89590E-01   1.93612E+02
 4.86660E-01   1.92502E+02
 4.83753E-01   1.91306E+02
 4.80211E-01   1.90149E+02
 4.77006E-01   1.89043E+02
 4.74359E-01   1.87865E+02
 4.71016E-01   1.86744E+02
 4.68174E-01   1.85635E+02
 4.65190E-01   1.84413E+02
 4.61508E-01   1.83270E+02
 4.58636E-01   1.82090E+02
 4.55514E-01   1.80884E+02
 4.52346E-01   1.79731E+02
 4.49777E-01   1.78544E+02
 4.46495E-01   1.77341E+02
 4.43248E-01   1.76155E+02
 4.39959E-01   1.74956E+02
 4.36332E-01   1.73718E+02
 4.33067E-01   1.72527E+02
 4.29990E-01   1.71274E+02
 4.26912E-01   1.70022E+02
 4.24002E-01   1.68792E+02
 4.20993E-01   1.67498E+02
 4.17614E-01   1.66251E+02
 4.14406E-01   1.64980E+02
 4.11019E-01   1.63689E+02
 4.07723E-01   1.62424E+02
 4.04864E-01   1.61127E+02
 4.01754E-01   1.59822E+02
 3.99000E-01   1.58529E+02
 3.96065E-01   1.57189E+02
 3.92897E-01   1.55855E+02
 3.89987E-01   1.54513E+02
 3.86674E-01   1.53117E+02
 3.83781E-01   1.51769E+02
 3.80841E-01   1.50357E+02
 3.78025E-01   1.48972E+02
 3.75456E-01   1.47582E+02
 3.72680E-01   1.46147E+02
 3.70149E-01   1.44761E+02
 3.67369E-01   1.43295E+02
 3.64764E-01   1.41874E+02
 3.62084E-01   1.40406E+02
 3.59566E-01   1.38936E+02
 3.57157E-01   1.37477E+02
 3.54848E-01   1.35972E+02
 3.52738E-01   1.34505E+02
 3.50618E-01   1.32983E+02
 3.48660E-01   1.31480E+02
 3.46693E-01   1.29946E+02
 3.44760E-01   1.28396E+02
 3.42960E-01   1.26855E+02
 3.41105E-01   1.25275E+02
 3.39484E-01   1.23729E+02
 3.37883E-01   1.22150E+02
 3.36422E-01   1.20594E+02
 3.35188E-01   1.19037E+02
 3.33883E-01   1.17463E+02
 3.32983E-01   1.15923E+02
 3.31882E-01   1.14327E+02
 3.31199E-01   1.12783E+02
 3.30384E-01   1.11179E+02
 3.29824E-01   1.09611E+02
 3.29351E-01   1.08024E+02
 3.28902E-01   1.06435E+02
 3.28754E-01   1.04882E+02
 3.28470E-01   1.03295E+02
 3.28576E-01   1.01780E+02
 3.28536E-01   1.00220E+02
 3.28811E-01   9.87329E+01
 3.29063E-01   9.72184E+01
 3.29478E-01   9.57449E+01
 3.30011E-01   9.42819E+01
 3.30588E-01   9.28146E+01
 3.31371E-01   9.13972E+01
 3.32147E-01   8.99444E+01
 3.33143E-01   8.85593E+01
 3.34145E-01   8.71402E+01
 3.35321E-01   8.57781E+01
 3.36546E-01   8.44103E+01
 3.37884E-01   8.30732E+01
 3.39294E-01   8.17650E+01
 3.40788E-01   8.04633E+01
 3.42339E-01   7.92158E+01
 3.43966E-01   7.79616E+01
 3.45633E-01   7.67727E+01
 3.47361E-01   7.55752E+01
 3.49125E-01   7.44411E+01
 3.50933E-01   7.33056E+01
 3.52773E-01   7.22239E+01
 3.54645E-01   7.11523E+01
 3.56544E-01   7.01220E+01
 3.58459E-01   6.91143E+01
 3.60407E-01   6.81356E+01
 3.62345E-01   6.71906E+01
 3.64327E-01   6.62644E+01
 3.66271E-01   6.53805E+01
 3.68264E-01   6.45090E+01
 3.70204E-01   6.36833E+01
 3.72181E-01   6.28683E+01
 3.74103E-01   6.20992E+01
 3.76041E-01   6.13428E+01
 3.77923E-01   6.06288E+01
 3.79798E-01   5.99316E+01
 3.81629E-01   5.92724E+01
 3.83415E-01   5.86338E+01
 3.85179E-01   5.80290E+01
 3.86863E-01   5.74486E+01
 3.88533E-01   5.68980E+01
 3.90110E-01   5.63751E+01
 3.91663E-01   5.58792E+01
 3.93118E-01   5.54121E+01
 3.94541E-01   5.49712E+01
 3.95860E-01   5.45591E+01
 3.97142E-01   5.41726E+01
 3.98312E-01   5.38154E+01
 3.99445E-01   5.34825E+01
 4.00456E-01   5.31795E+01
 4.01423E-01   5.29007E+01
 4.02274E-01   5.26502E+01
 4.03062E-01   5.24260E+01
 4.03748E-01   5.22277E+01
 4.04354E-01   5.20569E+01
 4.04861E-01   5.19119E+01
 4.05288E-01   5.17931E+01
 4.05608E-01   5.17016E+01
 4.05851E-01   5.16348E+01
 4.05986E-01   5.15960E+01
 4.06040E-01   5.15821E+01
 4.05988E-01   5.15948E+01
 4.05850E-01   5.16346E+01
 4.05619E-01   5.16987E+01
 4.05287E-01   5.17917E+01
 4.04878E-01   5.19081E+01
 4.04361E-01   5.20537E+01
 4.03766E-01   5.22232E+01
 4.03074E-01   5.24213E+01
 4.02301E-01   5.26440E+01
 4.01432E-01   5.28956E+01
 4.00500E-01   5.31707E+01
 3.99453E-01   5.34769E+01
 3.98372E-01   5.38048E+01
 3.97160E-01   5.41653E+01
 3.95932E-01   5.45478E+01
 3.94571E-01   5.49617E+01
 3.93204E-01   5.54003E+01
 3.91708E-01   5.58681E+01
 3.90211E-01   5.63630E+01
 3.88595E-01   5.68853E+01
 3.86981E-01   5.74377E+01
 3.85259E-01   5.80136E+01
 3.83545E-01   5.86258E+01
 3.81731E-01   5.92549E+01
 3.79923E-01   5.99278E+01
 3.78049E-01   6.06111E+01
 3.76148E-01   6.13442E+01
 3.74238E-01   6.20838E+01
 3.72262E-01   6.28762E+01
 3.70328E-01   6.36726E+01
 3.68302E-01   6.45244E+01
 3.66361E-01   6.53787E+01
 3.64307E-01   6.62877E+01
 3.62379E-01   6.72031E+01
 3.60321E-01   6.81646E+01
 3.58416E-01   6.91454E+01
 3.56400E-01   7.01541E+01
 3.54522E-01   7.12019E+01
 3.52592E-01   7.22553E+01
 3.50754E-01   7.33685E+01
 3.48946E-01   7.44659E+01
 3.47170E-01   7.56407E+01
 3.45501E-01   7.67837E+01
 3.43815E-01   7.80130E+01
 3.42296E-01   7.92069E+01
 3.40729E-01   8.04801E+01
 3.39361E-01   8.17342E+01
 3.37937E-01   8.30391E+01
 3.36710E-01   8.43621E+01
 3.35457E-01   8.56917E+01
 3.34359E-01   8.70855E+01
 3.33295E-01   8.84415E+01
 3.32341E-01   8.98976E+01
 3.31466E-01   9.12901E+01
 3.30696E-01   9.27868E+01
 3.30016E-01   9.42334E+01
 3.29467E-01   9.57415E+01
 3.29008E-01   9.72544E+01
 3.28697E-01   9.87527E+01
 3.28497E-01   1.00324E+02
 3.28416E-01   1.01814E+02
 3.28509E-01   1.03412E+02
 3.28619E-01   1.04916E+02
 3.29011E-01   1.06503E+02
 3.29296E-01   1.08050E+02
 3.29931E-01   1.09599E+02
 3.30435E-01   1.11199E+02
 3.31232E-01   1.12720E+02
 3.32043E-01   1.14346E+02
 3.32948E-01   1.15875E+02
 3.34126E-01   1.17480E+02
 3.35163E-01   1.19051E+02
 3.36660E-01   1.20601E+02
 3.37921E-01   1.22206E+02
 3.39588E-01   1.23719E+02
 3.41136E-01   1.25311E+02
 3.42842E-01   1.26834E+02
 3.44651E-01   1.28372E+02
 3.46407E-01   1.29929E+02
 3.48410E-01   1.31420E+02
 3.50372E-01   1.32979E+02
 3.52544E-01   1.34465E+02
 3.54842E-01   1.35975E+02
 3.57209E-01   1.37474E+02
 3.59774E-01   1.38932E+02
 3.62299E-01   1.40412E+02
 3.64890E-01   1.41861E+02
 3.67474E-01   1.43295E+02
 3.69918E-01   1.44750E+02
 3.72557E-01   1.46166E+02
 3.74984E-01   1.47582E+02
 3.77798E-01   1.49015E+02
 3.80563E-01   1.50368E+02
 3.83566E-01   1.51781E+02
 3.86814E-01   1.53127E+02
 3.89780E-01   1.54460E+02
 3.93140E-01   1.55849E+02
 3.95986E-01   1.57136E+02
 3.98946E-01   1.58505E+02
 4.01996E-01   1.59834E+02
 4.04663E-01   1.61105E+02
 4.08064E-01   1.62456E+02
 4.11101E-01   1.63699E+02
 4.14370E-01   1.64979E+02
 4.17876E-01   1.66289E+02
 4.20763E-01   1.67514E+02
 4.23998E-01   1.68814E+02
 4.27073E-01   1.70064E+02
 4.29908E-01   1.71253E+02
 4.33323E-01   1.72493E+02
 4.36630E-01   1.73680E+02
 4.39695E-01   1.74866E+02
 4.43379E-01   1.76143E+02
 4.46284E-01   1.77342E+02
 4.49234E-01   1.78567E+02
 4.52754E-01   1.79787E+02
 4.55438E-01   1.80901E+02
 4.58887E-01   1.82084E+02
 4.62408E-01   1.83239E+02
 4.65134E-01   1.84411E+02
 4.68369E-01   1.85605E+02
 4.71301E-01   1.86747E+02
 4.73636E-01   1.87884E+02
 4.76875E-01   1.88989E+02
 4.80153E-01   1.90155E+02
 4.83007E-01   1.91330E+02
 4.86680E-01   1.92477E+02
 4.89532E-01   1.93638E+02
 4.91940E-01   1.94687E+02
 4.95127E-01   1.95769E+02
 4.98168E-01   1.96937E+02
 5.01250E-01   1.98047E+02
 5.04345E-01   1.99214E+02
 5.06669E-01   2.00345E+02
 5.08612E-01   2.01364E+02
 5.11378E-01   2.02487E+02
 5.14849E-01   2.03621E+02
 5.18106E-01   2.04699E+02
 5.20678E-01   2.05798E+02
 5.22572E-01   2.06885E+02
 5.24749E-01   2.07964E+02
