#/rn,a,b/nx0/ls1
#283 -0.282 0.282 0 OUTPUT_AMP_PHASE Wavelength=0.564
 5.52239E-01   2.33491E+02
 5.53814E-01   2.32665E+02
 5.55924E-01   2.31828E+02
 5.57056E-01   2.30983E+02
 5.57377E-01   2.30235E+02
 5.57832E-01   2.29480E+02
 5.58916E-01   2.28624E+02
 5.60944E-01   2.27861E+02
 5.62429E-01   2.27050E+02
 5.62477E-01   2.26176E+02
 5.63023E-01   2.25421E+02
 5.64267E-01   2.24643E+02
 5.65139E-01   2.23862E+02
 5.66492E-01   2.23136E+02
 5.67108E-01   2.22381E+02
 5.66970E-01   2.21606E+02
 5.67580E-01   2.20812E+02
 5.68199E-01   2.20057E+02
 5.69220E-01   2.19293E+02
 5.70168E-01   2.18526E+02
 5.70707E-01   2.17822E+02
 5.71000E-01   2.17050E+02
 5.71221E-01   2.16319E+02
 5.71779E-01   2.15612E+02
 5.72132E-01   2.14853E+02
 5.72854E-01   2.14153E+02
 5.73153E-01   2.13413E+02
 5.73102E-01   2.12678E+02
 5.73273E-01   2.11976E+02
 5.72888E-01   2.11269E+02
 5.72833E-01   2.10586E+02
 5.72917E-01   2.09909E+02
 5.72706E-01   2.09207E+02
 5.72851E-01   2.08502E+02
 5.72842E-01   2.07805E+02
 5.72441E-01   2.07093E+02
 5.72465E-01   2.06438E+02
 5.71818E-01   2.05774E+02
 5.71328E-01   2.05129E+02
 5.70895E-01   2.04491E+02
 5.69973E-01   2.03818E+02
 5.69589E-01   2.03160E+02
 5.68731E-01   2.02485E+02
 5.68056E-01   2.01825E+02
 5.67297E-01   2.01187E+02
 5.66322E-01   2.00562E+02
 5.65360E-01   1.99950E+02
 5.64212E-01   1.99348E+02
 5.62995E-01   1.98736E+02
 5.61675E-01   1.98121E+02
 5.60355E-01   1.97511E+02
 5.58850E-01   1.96889E+02
 5.57418E-01   1.96294E+02
 5.55784E-01   1.95699E+02
 5.54110E-01   1.95117E+02
 5.52367E-01   1.94556E+02
 5.50445E-01   1.93977E+02
 5.48531E-01   1.93422E+02
 5.46459E-01   1.92852E+02
 5.44305E-01   1.92280E+02
 5.42103E-01   1.91729E+02
 5.39709E-01   1.91153E+02
 5.37288E-01   1.90618E+02
 5.34696E-01   1.90070E+02
 5.31988E-01   1.89542E+02
 5.29232E-01   1.89033E+02
 5.26276E-01   1.88508E+02
 5.23352E-01   1.88020E+02
 5.20247E-01   1.87507E+02
 5.17113E-01   1.87016E+02
 5.13899E-01   1.86525E+02
 5.10528E-01   1.86026E+02
 5.07127E-01   1.85554E+02
 5.03516E-01   1.85060E+02
 4.99816E-01   1.84598E+02
 4.95963E-01   1.84124E+02
 4.91921E-01   1.83661E+02
 4.87813E-01   1.83215E+02
 4.83477E-01   1.82752E+02
 4.79102E-01   1.82326E+02
 4.74564E-01   1.81873E+02
 4.69915E-01   1.81454E+02
 4.65241E-01   1.81022E+02
 4.60329E-01   1.80605E+02
 4.55503E-01   1.80199E+02
 4.50367E-01   1.79787E+02
 4.45314E-01   1.79402E+02
 4.39983E-01   1.79005E+02
 4.34633E-01   1.78632E+02
 4.29113E-01   1.78255E+02
 4.23427E-01   1.77890E+02
 4.17713E-01   1.77535E+02
 4.11686E-01   1.77175E+02
 4.05765E-01   1.76840E+02
 3.99431E-01   1.76487E+02
 3.93283E-01   1.76165E+02
 3.86689E-01   1.75825E+02
 3.80292E-01   1.75510E+02
 3.73492E-01   1.75189E+02
 3.66814E-01   1.74878E+02
 3.59853E-01   1.74579E+02
 3.52874E-01   1.74272E+02
 3.45768E-01   1.73995E+02
 3.38496E-01   1.73694E+02
 3.31230E-01   1.73436E+02
 3.23686E-01   1.73147E+02
 3.16237E-01   1.72906E+02
 3.08443E-01   1.72632E+02
 3.00798E-01   1.72402E+02
 2.92771E-01   1.72148E+02
 2.84923E-01   1.71927E+02
 2.76680E-01   1.71694E+02
 2.68621E-01   1.71481E+02
 2.60192E-01   1.71271E+02
 2.51909E-01   1.71065E+02
 2.43323E-01   1.70876E+02
 2.34816E-01   1.70679E+02
 2.26088E-01   1.70509E+02
 2.17371E-01   1.70322E+02
 2.08506E-01   1.70170E+02
 1.99602E-01   1.69995E+02
 1.90603E-01   1.69860E+02
 1.81530E-01   1.69699E+02
 1.72410E-01   1.69578E+02
 1.63181E-01   1.69432E+02
 1.53949E-01   1.69325E+02
 1.44587E-01   1.69195E+02
 1.35242E-01   1.69101E+02
 1.25774E-01   1.68988E+02
 1.16321E-01   1.68905E+02
 1.06762E-01   1.68810E+02
 9.72198E-02   1.68741E+02
 8.75801E-02   1.68660E+02
 7.79668E-02   1.68609E+02
 6.82622E-02   1.68542E+02
 5.85847E-02   1.68502E+02
 4.88401E-02   1.68457E+02
 3.91068E-02   1.68422E+02
 2.93372E-02   1.68399E+02
 1.95682E-02   1.68379E+02
 9.78474E-03   1.68370E+02
 1.87398E-06   2.24148E+02
 9.78306E-03   3.48355E+02
 1.95674E-02   3.48375E+02
 2.93331E-02   3.48392E+02
 3.91070E-02   3.48420E+02
 4.88351E-02   3.48453E+02
 5.85840E-02   3.48499E+02
 6.82578E-02   3.48541E+02
 7.79663E-02   3.48606E+02
 8.75745E-02   3.48658E+02
 9.72195E-02   3.48740E+02
 1.06757E-01   3.48808E+02
 1.16316E-01   3.48904E+02
 1.25770E-01   3.48987E+02
 1.35236E-01   3.49100E+02
 1.44583E-01   3.49194E+02
 1.53945E-01   3.49325E+02
 1.63177E-01   3.49431E+02
 1.72405E-01   3.49578E+02
 1.81529E-01   3.49698E+02
 1.90596E-01   3.49860E+02
 1.99605E-01   3.49996E+02
 2.08499E-01   3.50171E+02
 2.17379E-01   3.50323E+02
 2.26085E-01   3.50509E+02
 2.34829E-01   3.50680E+02
 2.43324E-01   3.50877E+02
 2.51925E-01   3.51066E+02
 2.60200E-01   3.51272E+02
 2.68638E-01   3.51483E+02
 2.76695E-01   3.51695E+02
 2.84939E-01   3.51929E+02
 2.92792E-01   3.52149E+02
 3.00807E-01   3.52403E+02
 3.08468E-01   3.52633E+02
 3.16236E-01   3.52905E+02
 3.23708E-01   3.53147E+02
 3.31213E-01   3.53436E+02
 3.38512E-01   3.53694E+02
 3.45738E-01   3.53994E+02
 3.52876E-01   3.54271E+02
 3.59819E-01   3.54578E+02
 3.66797E-01   3.54878E+02
 3.73468E-01   3.55189E+02
 3.80261E-01   3.55510E+02
 3.86690E-01   3.55825E+02
 3.93249E-01   3.56165E+02
 3.99468E-01   3.56487E+02
 4.05742E-01   3.56840E+02
 4.11757E-01   3.57174E+02
 4.17718E-01   3.57536E+02
 4.23508E-01   3.57889E+02
 4.29154E-01   3.58256E+02
 4.34687E-01   3.58630E+02
 4.40045E-01   3.59005E+02
 4.45308E-01   3.59400E+02
 4.50420E-01   3.59787E+02
 4.55426E-01   1.98386E-01
 4.60335E-01   6.04400E-01
 4.65125E-01   1.02360E+00
 4.69851E-01   1.45293E+00
 4.74474E-01   1.87503E+00
 4.78990E-01   2.32538E+00
 4.83465E-01   2.75422E+00
 4.87717E-01   3.21581E+00
 4.91991E-01   3.66238E+00
 4.95946E-01   4.12548E+00
 4.99905E-01   4.59740E+00
 5.03589E-01   5.06104E+00
 5.07151E-01   5.55414E+00
 5.10627E-01   6.02597E+00
 5.13831E-01   6.52561E+00
 5.17157E-01   7.01506E+00
 5.20156E-01   7.50777E+00
 5.23326E-01   8.01794E+00
 5.26268E-01   8.50709E+00
 5.29208E-01   9.03172E+00
 5.32097E-01   9.53979E+00
 5.34747E-01   1.00714E+01
 5.37413E-01   1.06175E+01
 5.39791E-01   1.11568E+01
 5.42094E-01   1.17325E+01
 5.44267E-01   1.22848E+01
 5.46304E-01   1.28592E+01
 5.48310E-01   1.34246E+01
 5.50312E-01   1.39798E+01
 5.52168E-01   1.45533E+01
 5.54161E-01   1.51101E+01
 5.55891E-01   1.56920E+01
 5.57604E-01   1.62849E+01
 5.59210E-01   1.68824E+01
 5.60459E-01   1.75073E+01
 5.61865E-01   1.81205E+01
 5.62900E-01   1.87366E+01
 5.63994E-01   1.93528E+01
 5.65203E-01   1.99495E+01
 5.66025E-01   2.05654E+01
 5.67280E-01   2.11883E+01
 5.68094E-01   2.18231E+01
 5.68842E-01   2.24961E+01
 5.69793E-01   2.31605E+01
 5.70024E-01   2.38290E+01
 5.70842E-01   2.44981E+01
 5.71244E-01   2.51230E+01
 5.71640E-01   2.57750E+01
 5.72383E-01   2.64225E+01
 5.72530E-01   2.70812E+01
 5.72864E-01   2.78040E+01
 5.73043E-01   2.84969E+01
 5.72788E-01   2.92144E+01
 5.72875E-01   2.99225E+01
 5.72932E-01   3.05789E+01
 5.72798E-01   3.12727E+01
 5.73294E-01   3.19681E+01
 5.73140E-01   3.26560E+01
 5.72983E-01   3.34224E+01
 5.72829E-01   3.41466E+01
 5.72011E-01   3.48622E+01
 5.71732E-01   3.56353E+01
 5.71383E-01   3.63150E+01
 5.71009E-01   3.70612E+01
 5.70733E-01   3.78226E+01
 5.70122E-01   3.85164E+01
 5.69064E-01   3.92944E+01
 5.68299E-01   4.00505E+01
 5.67765E-01   4.08041E+01
 5.67117E-01   4.16023E+01
 5.67184E-01   4.23809E+01
 5.66309E-01   4.31380E+01
 5.64995E-01   4.38614E+01
 5.64203E-01   4.46501E+01
 5.63103E-01   4.54233E+01
 5.62597E-01   4.61776E+01
 5.62210E-01   4.70670E+01
 5.60837E-01   4.78545E+01
 5.59107E-01   4.86073E+01
 5.58018E-01   4.94803E+01
 5.57629E-01   5.02262E+01
 5.57217E-01   5.09713E+01
 5.55406E-01   5.18493E+01
 5.53367E-01   5.26893E+01
 5.52535E-01   5.34596E+01
