/rn,a,b/nx0/ls1
283 -0.282 0.282 0 OUTPUT_AMP_PHASE Wavelength=0.564
 5.52792E-01   2.33391E+02
 5.53377E-01   2.32696E+02
 5.55448E-01   2.31848E+02
 5.56947E-01   2.30974E+02
 5.57513E-01   2.30224E+02
 5.58592E-01   2.29429E+02
 5.59379E-01   2.28587E+02
 5.60355E-01   2.27853E+02
 5.61924E-01   2.27075E+02
 5.62640E-01   2.26215E+02
 5.63187E-01   2.25450E+02
 5.64009E-01   2.24689E+02
 5.64960E-01   2.23875E+02
 5.66219E-01   2.23107E+02
 5.67176E-01   2.22366E+02
 5.67975E-01   2.21572E+02
 5.68123E-01   2.20806E+02
 5.68455E-01   2.20086E+02
 5.69203E-01   2.19295E+02
 5.69815E-01   2.18545E+02
 5.70634E-01   2.17828E+02
 5.71119E-01   2.17050E+02
 5.71195E-01   2.16347E+02
 5.71375E-01   2.15627E+02
 5.71721E-01   2.14868E+02
 5.72231E-01   2.14148E+02
 5.72952E-01   2.13396E+02
 5.73420E-01   2.12656E+02
 5.73645E-01   2.11965E+02
 5.73349E-01   2.11287E+02
 5.73082E-01   2.10599E+02
 5.72748E-01   2.09949E+02
 5.72475E-01   2.09228E+02
 5.72799E-01   2.08509E+02
 5.72591E-01   2.07812E+02
 5.72697E-01   2.07070E+02
 5.72416E-01   2.06425E+02
 5.71629E-01   2.05758E+02
 5.71238E-01   2.05107E+02
 5.70389E-01   2.04490E+02
 5.69919E-01   2.03810E+02
 5.69620E-01   2.03164E+02
 5.69050E-01   2.02504E+02
 5.68576E-01   2.01833E+02
 5.67781E-01   2.01216E+02
 5.66544E-01   2.00575E+02
 5.65379E-01   1.99957E+02
 5.63995E-01   1.99352E+02
 5.62495E-01   1.98709E+02
 5.61583E-01   1.98108E+02
 5.60036E-01   1.97476E+02
 5.59084E-01   1.96865E+02
 5.57742E-01   1.96281E+02
 5.55936E-01   1.95680E+02
 5.54682E-01   1.95124E+02
 5.52185E-01   1.94551E+02
 5.50610E-01   1.93983E+02
 5.48331E-01   1.93429E+02
 5.46163E-01   1.92845E+02
 5.44505E-01   1.92289E+02
 5.41883E-01   1.91719E+02
 5.40249E-01   1.91155E+02
 5.37546E-01   1.90621E+02
 5.35101E-01   1.90065E+02
 5.32532E-01   1.89553E+02
 5.29150E-01   1.89025E+02
 5.26590E-01   1.88509E+02
 5.22902E-01   1.88017E+02
 5.20035E-01   1.87490E+02
 5.16723E-01   1.87017E+02
 5.13331E-01   1.86502E+02
 5.10493E-01   1.86022E+02
 5.06621E-01   1.85544E+02
 5.03771E-01   1.85044E+02
 4.99646E-01   1.84607E+02
 4.96199E-01   1.84098E+02
 4.92041E-01   1.83680E+02
 4.87759E-01   1.83189E+02
 4.83642E-01   1.82761E+02
 4.78727E-01   1.82313E+02
 4.74562E-01   1.81863E+02
 4.69430E-01   1.81466E+02
 4.65044E-01   1.81000E+02
 4.60024E-01   1.80640E+02
 4.55264E-01   1.80181E+02
 4.50433E-01   1.79832E+02
 4.45239E-01   1.79406E+02
 4.40432E-01   1.79042E+02
 4.34835E-01   1.78661E+02
 4.29790E-01   1.78272E+02
 4.23884E-01   1.77933E+02
 4.18377E-01   1.77524E+02
 4.12267E-01   1.77213E+02
 4.06192E-01   1.76803E+02
 3.99959E-01   1.76501E+02
 3.93341E-01   1.76113E+02
 3.87014E-01   1.75806E+02
 3.79970E-01   1.75455E+02
 3.73530E-01   1.75139E+02
 3.66208E-01   1.74833E+02
 3.59600E-01   1.74509E+02
 3.52134E-01   1.74246E+02
 3.45292E-01   1.73923E+02
 3.37770E-01   1.73694E+02
 3.30635E-01   1.73382E+02
 3.23097E-01   1.73173E+02
 3.15632E-01   1.72883E+02
 3.08071E-01   1.72682E+02
 3.00268E-01   1.72419E+02
 2.92650E-01   1.72216E+02
 2.84524E-01   1.71985E+02
 2.76803E-01   1.71774E+02
 2.68385E-01   1.71575E+02
 2.60516E-01   1.71355E+02
 2.51846E-01   1.71187E+02
 2.43790E-01   1.70960E+02
 2.34915E-01   1.70817E+02
 2.26644E-01   1.70588E+02
 2.17606E-01   1.70467E+02
 2.09108E-01   1.70241E+02
 1.99940E-01   1.70138E+02
 1.91214E-01   1.69920E+02
 1.81944E-01   1.69831E+02
 1.72999E-01   1.69625E+02
 1.63650E-01   1.69548E+02
 1.54499E-01   1.69359E+02
 1.45086E-01   1.69290E+02
 1.35750E-01   1.69122E+02
 1.26285E-01   1.69059E+02
 1.16786E-01   1.68914E+02
 1.07280E-01   1.68855E+02
 9.76408E-02   1.68733E+02
 8.80989E-02   1.68677E+02
 7.83467E-02   1.68580E+02
 6.87761E-02   1.68523E+02
 5.89345E-02   1.68453E+02
 4.93444E-02   1.68387E+02
 3.94354E-02   1.68342E+02
 2.98344E-02   1.68240E+02
 1.98831E-02   1.68202E+02
 1.02776E-02   1.67860E+02
 3.15393E-04   1.56778E+02
 9.29578E-03   3.48917E+02
 1.92567E-02   3.48564E+02
 2.88509E-02   3.48550E+02
 3.87823E-02   3.48509E+02
 4.83590E-02   3.48519E+02
 5.82365E-02   3.48549E+02
 6.77890E-02   3.48560E+02
 7.75876E-02   3.48634E+02
 8.71132E-02   3.48646E+02
 9.68069E-02   3.48755E+02
 1.06303E-01   3.48768E+02
 1.15866E-01   3.48907E+02
 1.25333E-01   3.48924E+02
 1.34738E-01   3.49091E+02
 1.44180E-01   3.49112E+02
 1.53398E-01   3.49305E+02
 1.62818E-01   3.49335E+02
 1.71828E-01   3.49549E+02
 1.81224E-01   3.49591E+02
 1.90011E-01   3.49822E+02
 1.99374E-01   3.49883E+02
 2.07929E-01   3.50124E+02
 2.17244E-01   3.50213E+02
 2.25571E-01   3.50457E+02
 2.34806E-01   3.50579E+02
 2.42923E-01   3.50821E+02
 2.52026E-01   3.50982E+02
 2.59969E-01   3.51217E+02
 2.68864E-01   3.51423E+02
 2.76685E-01   3.51645E+02
 2.85281E-01   3.51897E+02
 2.93033E-01   3.52106E+02
 3.01234E-01   3.52401E+02
 3.08969E-01   3.52602E+02
 3.16685E-01   3.52929E+02
 3.24430E-01   3.53132E+02
 3.31610E-01   3.53476E+02
 3.39353E-01   3.53693E+02
 3.46009E-01   3.54037E+02
 3.53682E-01   3.54284E+02
 3.59905E-01   3.54612E+02
 3.67386E-01   3.54898E+02
 3.73348E-01   3.55202E+02
 3.80478E-01   3.55533E+02
 3.86395E-01   3.55812E+02
 3.93019E-01   3.56183E+02
 3.99086E-01   3.56453E+02
 4.05115E-01   3.56849E+02
 4.11416E-01   3.57133E+02
 4.16881E-01   3.57534E+02
 4.23326E-01   3.57854E+02
 4.28394E-01   3.58245E+02
 4.34715E-01   3.58616E+02
 4.39644E-01   3.58991E+02
 4.45488E-01   3.59410E+02
 4.50524E-01   3.59776E+02
 4.55623E-01   2.23830E-01
 4.60863E-01   5.99603E-01
 4.65202E-01   1.05177E+00
 4.70512E-01   1.45523E+00
 4.74383E-01   1.89421E+00
 4.79431E-01   2.33184E+00
 4.83294E-01   2.75910E+00
 4.87729E-01   3.22190E+00
 4.91915E-01   3.65514E+00
 4.95603E-01   4.12572E+00
 5.00042E-01   4.58406E+00
 5.03202E-01   5.05117E+00
 5.07439E-01   5.53797E+00
 5.10506E-01   6.00680E+00
 5.14056E-01   6.50674E+00
 5.17349E-01   6.99447E+00
 5.20144E-01   7.49015E+00
 5.23594E-01   8.00874E+00
 5.26065E-01   8.50120E+00
 5.29276E-01   9.04415E+00
 5.31927E-01   9.55441E+00
 5.34572E-01   1.01011E+01
 5.37437E-01   1.06459E+01
 5.39578E-01   1.11824E+01
 5.42206E-01   1.17506E+01
 5.44203E-01   1.22846E+01
 5.46270E-01   1.28461E+01
 5.48348E-01   1.33983E+01
 5.50126E-01   1.39436E+01
 5.52154E-01   1.45243E+01
 5.54083E-01   1.50841E+01
 5.55846E-01   1.56826E+01
 5.57753E-01   1.62912E+01
 5.59291E-01   1.68913E+01
 5.60563E-01   1.75327E+01
 5.62010E-01   1.81330E+01
 5.62701E-01   1.87528E+01
 5.63924E-01   1.93658E+01
 5.64941E-01   1.99501E+01
 5.65741E-01   2.05827E+01
 5.67356E-01   2.11873E+01
 5.67997E-01   2.18296E+01
 5.69115E-01   2.24966E+01
 5.70025E-01   2.31352E+01
 5.70004E-01   2.38198E+01
 5.70957E-01   2.44624E+01
 5.70973E-01   2.51096E+01
 5.71398E-01   2.57794E+01
 5.72357E-01   2.64267E+01
 5.72448E-01   2.71205E+01
 5.73144E-01   2.78212E+01
 5.73431E-01   2.85053E+01
 5.73004E-01   2.92084E+01
 5.73084E-01   2.98852E+01
 5.72922E-01   3.05465E+01
 5.72399E-01   3.12566E+01
 5.73057E-01   3.19604E+01
 5.72814E-01   3.26863E+01
 5.72681E-01   3.34547E+01
 5.73106E-01   3.41554E+01
 5.72144E-01   3.48680E+01
 5.72057E-01   3.55958E+01
 5.71769E-01   3.62797E+01
 5.70883E-01   3.70492E+01
 5.70583E-01   3.78238E+01
 5.69889E-01   3.85497E+01
 5.68816E-01   3.93197E+01
 5.68309E-01   4.00499E+01
 5.67944E-01   4.07847E+01
 5.67173E-01   4.15835E+01
 5.66986E-01   4.23722E+01
 5.66169E-01   4.31510E+01
 5.64814E-01   4.38950E+01
 5.64206E-01   4.46593E+01
 5.63641E-01   4.54312E+01
 5.62826E-01   4.61781E+01
 5.62141E-01   4.70369E+01
 5.60793E-01   4.78354E+01
 5.58837E-01   4.85895E+01
 5.57976E-01   4.94638E+01
 5.57617E-01   5.02602E+01
 5.56976E-01   5.10069E+01
 5.55588E-01   5.18436E+01
 5.53576E-01   5.26713E+01
 5.52535E-01   5.34596E+01
