/rn,a,b/nx0/ls1
283 -0.282 0.282 0 OUTPUT_AMP_PHASE Wavelength=0.564
 7.50131E-01   3.40882E+01
 7.56669E-01   3.35229E+01
 7.61414E-01   3.25064E+01
 7.64964E-01   3.16413E+01
 7.68654E-01   3.08262E+01
 7.70500E-01   2.99305E+01
 7.76959E-01   2.89909E+01
 7.82284E-01   2.81531E+01
 7.86626E-01   2.73694E+01
 7.89127E-01   2.63640E+01
 7.93063E-01   2.56561E+01
 7.96583E-01   2.47629E+01
 8.02137E-01   2.39289E+01
 8.09833E-01   2.30783E+01
 8.11487E-01   2.23330E+01
 8.15977E-01   2.13181E+01
 8.18584E-01   2.05572E+01
 8.22754E-01   1.96726E+01
 8.27289E-01   1.89097E+01
 8.34257E-01   1.80636E+01
 8.37606E-01   1.74076E+01
 8.42340E-01   1.63835E+01
 8.46615E-01   1.57040E+01
 8.49681E-01   1.48122E+01
 8.55011E-01   1.39851E+01
 8.59688E-01   1.32917E+01
 8.65156E-01   1.24281E+01
 8.68918E-01   1.16422E+01
 8.74883E-01   1.08571E+01
 8.77824E-01   1.00683E+01
 8.81813E-01   9.25395E+00
 8.88616E-01   8.65676E+00
 8.89697E-01   7.75890E+00
 8.98883E-01   7.12264E+00
 9.01006E-01   6.31429E+00
 9.07115E-01   5.45085E+00
 9.11680E-01   4.78492E+00
 9.15801E-01   3.94071E+00
 9.19845E-01   3.22175E+00
 9.25887E-01   2.60477E+00
 9.29251E-01   1.75877E+00
 9.35298E-01   1.19862E+00
 9.41057E-01   3.93251E-01
 9.43401E-01   3.59701E+02
 9.51422E-01   3.59023E+02
 9.52077E-01   3.58280E+02
 9.58819E-01   3.57610E+02
 9.62318E-01   3.56946E+02
 9.66693E-01   3.56199E+02
 9.72854E-01   3.55560E+02
 9.77579E-01   3.54825E+02
 9.82355E-01   3.54105E+02
 9.89505E-01   3.53479E+02
 9.91121E-01   3.52706E+02
 9.99453E-01   3.52162E+02
 1.00027E+00   3.51432E+02
 1.00751E+00   3.50889E+02
 1.01015E+00   3.50222E+02
 1.01598E+00   3.49655E+02
 1.02017E+00   3.48995E+02
 1.02601E+00   3.48419E+02
 1.02986E+00   3.47744E+02
 1.03646E+00   3.47147E+02
 1.03944E+00   3.46516E+02
 1.04580E+00   3.45863E+02
 1.04940E+00   3.45333E+02
 1.05387E+00   3.44622E+02
 1.05984E+00   3.44180E+02
 1.06181E+00   3.43465E+02
 1.07031E+00   3.43035E+02
 1.07065E+00   3.42382E+02
 1.08027E+00   3.41907E+02
 1.08043E+00   3.41334E+02
 1.08953E+00   3.40814E+02
 1.09045E+00   3.40286E+02
 1.09828E+00   3.39762E+02
 1.10005E+00   3.39236E+02
 1.10679E+00   3.38733E+02
 1.10921E+00   3.38207E+02
 1.11515E+00   3.37709E+02
 1.11838E+00   3.37219E+02
 1.12324E+00   3.36684E+02
 1.12793E+00   3.36278E+02
 1.13097E+00   3.35671E+02
 1.13782E+00   3.35369E+02
 1.13843E+00   3.34698E+02
 1.14757E+00   3.34477E+02
 1.14591E+00   3.33784E+02
 1.15661E+00   3.33590E+02
 1.15372E+00   3.32935E+02
 1.16460E+00   3.32707E+02
 1.16201E+00   3.32143E+02
 1.17159E+00   3.31837E+02
 1.17070E+00   3.31391E+02
 1.17792E+00   3.30994E+02
 1.17954E+00   3.30660E+02
 1.18401E+00   3.30193E+02
 1.18819E+00   3.29938E+02
 1.19027E+00   3.29440E+02
 1.19635E+00   3.29225E+02
 1.19692E+00   3.28734E+02
 1.20382E+00   3.28527E+02
 1.20394E+00   3.28069E+02
 1.21059E+00   3.27851E+02
 1.21117E+00   3.27445E+02
 1.21670E+00   3.27204E+02
 1.21840E+00   3.26855E+02
 1.22227E+00   3.26592E+02
 1.22541E+00   3.26295E+02
 1.22749E+00   3.26017E+02
 1.23195E+00   3.25765E+02
 1.23254E+00   3.25480E+02
 1.23785E+00   3.25263E+02
 1.23750E+00   3.24980E+02
 1.24308E+00   3.24789E+02
 1.24240E+00   3.24519E+02
 1.24770E+00   3.24343E+02
 1.24716E+00   3.24095E+02
 1.25182E+00   3.23925E+02
 1.25166E+00   3.23706E+02
 1.25552E+00   3.23538E+02
 1.25586E+00   3.23349E+02
 1.25886E+00   3.23187E+02
 1.25974E+00   3.23021E+02
 1.26187E+00   3.22873E+02
 1.26323E+00   3.22724E+02
 1.26460E+00   3.22595E+02
 1.26628E+00   3.22460E+02
 1.26708E+00   3.22349E+02
 1.26890E+00   3.22233E+02
 1.26923E+00   3.22136E+02
 1.27111E+00   3.22042E+02
 1.27103E+00   3.21956E+02
 1.27297E+00   3.21886E+02
 1.27245E+00   3.21812E+02
 1.27445E+00   3.21765E+02
 1.27350E+00   3.21702E+02
 1.27550E+00   3.21680E+02
 1.27422E+00   3.21628E+02
 1.27612E+00   3.21629E+02
 1.27459E+00   3.21591E+02
 1.27633E+00   3.21613E+02
 1.27457E+00   3.21591E+02
 1.27615E+00   3.21630E+02
 1.27419E+00   3.21627E+02
 1.27552E+00   3.21681E+02
 1.27349E+00   3.21701E+02
 1.27444E+00   3.21767E+02
 1.27246E+00   3.21810E+02
 1.27295E+00   3.21887E+02
 1.27105E+00   3.21956E+02
 1.27110E+00   3.22043E+02
 1.26924E+00   3.22137E+02
 1.26888E+00   3.22233E+02
 1.26708E+00   3.22351E+02
 1.26626E+00   3.22460E+02
 1.26463E+00   3.22599E+02
 1.26318E+00   3.22722E+02
 1.26191E+00   3.22881E+02
 1.25967E+00   3.23017E+02
 1.25891E+00   3.23198E+02
 1.25579E+00   3.23343E+02
 1.25558E+00   3.23552E+02
 1.25157E+00   3.23699E+02
 1.25188E+00   3.23941E+02
 1.24704E+00   3.24087E+02
 1.24779E+00   3.24360E+02
 1.24227E+00   3.24511E+02
 1.24318E+00   3.24807E+02
 1.23739E+00   3.24973E+02
 1.23792E+00   3.25278E+02
 1.23249E+00   3.25474E+02
 1.23196E+00   3.25775E+02
 1.22751E+00   3.26015E+02
 1.22536E+00   3.26297E+02
 1.22235E+00   3.26593E+02
 1.21829E+00   3.26849E+02
 1.21684E+00   3.27208E+02
 1.21098E+00   3.27432E+02
 1.21077E+00   3.27856E+02
 1.20367E+00   3.28051E+02
 1.20403E+00   3.28534E+02
 1.19660E+00   3.28713E+02
 1.19654E+00   3.29232E+02
 1.18992E+00   3.29422E+02
 1.18833E+00   3.29942E+02
 1.18372E+00   3.30184E+02
 1.17959E+00   3.30660E+02
 1.17777E+00   3.30994E+02
 1.17067E+00   3.31388E+02
 1.17161E+00   3.31844E+02
 1.16194E+00   3.32141E+02
 1.16474E+00   3.32715E+02
 1.15368E+00   3.32937E+02
 1.15679E+00   3.33592E+02
 1.14596E+00   3.33790E+02
 1.14769E+00   3.34472E+02
 1.13859E+00   3.34704E+02
 1.13779E+00   3.35360E+02
 1.13120E+00   3.35673E+02
 1.12775E+00   3.36269E+02
 1.12349E+00   3.36679E+02
 1.11810E+00   3.37216E+02
 1.11536E+00   3.37701E+02
 1.10895E+00   3.38210E+02
 1.10697E+00   3.38731E+02
 1.09990E+00   3.39242E+02
 1.09846E+00   3.39770E+02
 1.09047E+00   3.40289E+02
 1.08964E+00   3.40831E+02
 1.08067E+00   3.41337E+02
 1.08009E+00   3.41918E+02
 1.07112E+00   3.42388E+02
 1.06961E+00   3.43029E+02
 1.06243E+00   3.43474E+02
 1.05876E+00   3.44159E+02
 1.05440E+00   3.44626E+02
 1.04855E+00   3.45316E+02
 1.04588E+00   3.45854E+02
 1.03951E+00   3.46518E+02
 1.03598E+00   3.47128E+02
 1.03087E+00   3.47759E+02
 1.02532E+00   3.48407E+02
 1.02122E+00   3.49000E+02
 1.01571E+00   3.49666E+02
 1.01026E+00   3.50205E+02
 1.00781E+00   3.50915E+02
 9.99564E-01   3.51404E+02
 9.99732E-01   3.52182E+02
 9.90777E-01   3.52691E+02
 9.89138E-01   3.53487E+02
 9.83062E-01   3.54109E+02
 9.76871E-01   3.54832E+02
 9.73812E-01   3.55573E+02
 9.66542E-01   3.56209E+02
 9.62365E-01   3.56965E+02
 9.59369E-01   3.57604E+02
 9.51349E-01   3.58297E+02
 9.51801E-01   3.58999E+02
 9.42887E-01   3.59700E+02
 9.40902E-01   3.77274E-01
 9.35165E-01   1.18361E+00
 9.29359E-01   1.75830E+00
 9.25682E-01   2.60062E+00
 9.20552E-01   3.21240E+00
 9.15779E-01   3.94596E+00
 9.12001E-01   4.77161E+00
 9.07598E-01   5.43682E+00
 9.00466E-01   6.33506E+00
 8.99120E-01   7.10436E+00
 8.89311E-01   7.79769E+00
 8.88086E-01   8.67060E+00
 8.82063E-01   9.26088E+00
 8.77253E-01   1.00787E+01
 8.75110E-01   1.08457E+01
 8.68567E-01   1.16259E+01
 8.65436E-01   1.24248E+01
 8.59237E-01   1.33185E+01
 8.55839E-01   1.39644E+01
 8.49748E-01   1.48566E+01
 8.47016E-01   1.56840E+01
 8.42918E-01   1.63427E+01
 8.36898E-01   1.74230E+01
 8.34295E-01   1.80377E+01
 8.26718E-01   1.89111E+01
 8.22959E-01   1.97211E+01
 8.18614E-01   2.05348E+01
 8.16393E-01   2.12922E+01
 8.10917E-01   2.23267E+01
 8.09423E-01   2.30771E+01
 8.01797E-01   2.39151E+01
 7.97101E-01   2.48434E+01
 7.93653E-01   2.56690E+01
 7.89858E-01   2.63167E+01
 7.86245E-01   2.73956E+01
 7.81253E-01   2.81157E+01
 7.77189E-01   2.89333E+01
 7.70812E-01   2.99711E+01
 7.68100E-01   3.08524E+01
 7.65457E-01   3.16232E+01
 7.61258E-01   3.25786E+01
 7.54980E-01   3.35004E+01
 7.52086E-01   3.40694E+01
