#/rn,a,b/nx0/ls1
#283 -0.282 0.282 0 OUTPUT_AMP_PHASE Wavelength=0.564
 5.24749E-01   2.07964E+02
 5.29638E-01   2.07253E+02
 5.35148E-01   2.06560E+02
 5.39890E-01   2.05812E+02
 5.43539E-01   2.05123E+02
 5.47419E-01   2.04433E+02
 5.52405E-01   2.03678E+02
 5.57968E-01   2.03055E+02
 5.63318E-01   2.02363E+02
 5.67676E-01   2.01547E+02
 5.72053E-01   2.00870E+02
 5.77322E-01   2.00202E+02
 5.82310E-01   1.99518E+02
 5.87660E-01   1.98907E+02
 5.92468E-01   1.98240E+02
 5.96722E-01   1.97519E+02
 6.01908E-01   1.96816E+02
 6.07021E-01   1.96153E+02
 6.12703E-01   1.95499E+02
 6.18446E-01   1.94841E+02
 6.23557E-01   1.94229E+02
 6.28849E-01   1.93541E+02
 6.33969E-01   1.92893E+02
 6.39453E-01   1.92282E+02
 6.45075E-01   1.91616E+02
 6.50945E-01   1.91024E+02
 6.56654E-01   1.90376E+02
 6.62077E-01   1.89722E+02
 6.67698E-01   1.89110E+02
 6.72838E-01   1.88473E+02
 6.78359E-01   1.87874E+02
 6.84138E-01   1.87289E+02
 6.89824E-01   1.86671E+02
 6.96074E-01   1.86066E+02
 7.02262E-01   1.85464E+02
 7.08159E-01   1.84835E+02
 7.14467E-01   1.84280E+02
 7.20107E-01   1.83692E+02
 7.25997E-01   1.83132E+02
 7.32071E-01   1.82582E+02
 7.37836E-01   1.81981E+02
 7.44374E-01   1.81419E+02
 7.50541E-01   1.80823E+02
 7.57016E-01   1.80252E+02
 7.63449E-01   1.79702E+02
 7.69666E-01   1.79159E+02
 7.76002E-01   1.78633E+02
 7.82208E-01   1.78111E+02
 7.88509E-01   1.77580E+02
 7.94888E-01   1.77045E+02
 8.01384E-01   1.76516E+02
 8.07867E-01   1.75972E+02
 8.14508E-01   1.75460E+02
 8.20995E-01   1.74943E+02
 8.27593E-01   1.74440E+02
 8.34113E-01   1.73959E+02
 8.40672E-01   1.73457E+02
 8.47307E-01   1.72981E+02
 8.53964E-01   1.72487E+02
 8.60718E-01   1.71991E+02
 8.67480E-01   1.71517E+02
 8.74264E-01   1.71014E+02
 8.80996E-01   1.70555E+02
 8.87722E-01   1.70080E+02
 8.94353E-01   1.69622E+02
 9.01023E-01   1.69186E+02
 9.07646E-01   1.68729E+02
 9.14341E-01   1.68315E+02
 9.21091E-01   1.67871E+02
 9.27888E-01   1.67453E+02
 9.34780E-01   1.67034E+02
 9.41674E-01   1.66606E+02
 9.48584E-01   1.66207E+02
 9.55487E-01   1.65780E+02
 9.62278E-01   1.65387E+02
 9.69077E-01   1.64979E+02
 9.75708E-01   1.64579E+02
 9.82342E-01   1.64197E+02
 9.88888E-01   1.63792E+02
 9.95369E-01   1.63427E+02
 1.00195E+00   1.63032E+02
 1.00833E+00   1.62672E+02
 1.01502E+00   1.62300E+02
 1.02137E+00   1.61940E+02
 1.02812E+00   1.61597E+02
 1.03447E+00   1.61240E+02
 1.04117E+00   1.60918E+02
 1.04754E+00   1.60575E+02
 1.05404E+00   1.60263E+02
 1.06041E+00   1.59941E+02
 1.06662E+00   1.59630E+02
 1.07299E+00   1.59332E+02
 1.07887E+00   1.59018E+02
 1.08522E+00   1.58741E+02
 1.09082E+00   1.58430E+02
 1.09709E+00   1.58165E+02
 1.10251E+00   1.57864E+02
 1.10865E+00   1.57604E+02
 1.11399E+00   1.57321E+02
 1.11993E+00   1.57060E+02
 1.12525E+00   1.56802E+02
 1.13092E+00   1.56540E+02
 1.13629E+00   1.56307E+02
 1.14162E+00   1.56045E+02
 1.14703E+00   1.55834E+02
 1.15199E+00   1.55578E+02
 1.15740E+00   1.55384E+02
 1.16199E+00   1.55140E+02
 1.16733E+00   1.54957E+02
 1.17157E+00   1.54729E+02
 1.17676E+00   1.54554E+02
 1.18071E+00   1.54345E+02
 1.18566E+00   1.54174E+02
 1.18936E+00   1.53986E+02
 1.19402E+00   1.53819E+02
 1.19751E+00   1.53652E+02
 1.20181E+00   1.53489E+02
 1.20514E+00   1.53341E+02
 1.20905E+00   1.53184E+02
 1.21222E+00   1.53054E+02
 1.21572E+00   1.52904E+02
 1.21875E+00   1.52790E+02
 1.22183E+00   1.52650E+02
 1.22471E+00   1.52551E+02
 1.22737E+00   1.52422E+02
 1.23009E+00   1.52336E+02
 1.23234E+00   1.52219E+02
 1.23487E+00   1.52145E+02
 1.23673E+00   1.52041E+02
 1.23904E+00   1.51980E+02
 1.24052E+00   1.51890E+02
 1.24260E+00   1.51839E+02
 1.24370E+00   1.51763E+02
 1.24552E+00   1.51725E+02
 1.24626E+00   1.51662E+02
 1.24780E+00   1.51635E+02
 1.24819E+00   1.51586E+02
 1.24944E+00   1.51571E+02
 1.24948E+00   1.51536E+02
 1.25042E+00   1.51533E+02
 1.25013E+00   1.51511E+02
 1.25075E+00   1.51520E+02
 1.25013E+00   1.51511E+02
 1.25042E+00   1.51533E+02
 1.24948E+00   1.51536E+02
 1.24944E+00   1.51571E+02
 1.24818E+00   1.51586E+02
 1.24780E+00   1.51635E+02
 1.24625E+00   1.51662E+02
 1.24551E+00   1.51724E+02
 1.24369E+00   1.51763E+02
 1.24258E+00   1.51839E+02
 1.24051E+00   1.51889E+02
 1.23903E+00   1.51979E+02
 1.23672E+00   1.52041E+02
 1.23485E+00   1.52145E+02
 1.23234E+00   1.52219E+02
 1.23006E+00   1.52335E+02
 1.22738E+00   1.52422E+02
 1.22468E+00   1.52551E+02
 1.22185E+00   1.52651E+02
 1.21872E+00   1.52791E+02
 1.21575E+00   1.52906E+02
 1.21220E+00   1.53054E+02
 1.20910E+00   1.53186E+02
 1.20513E+00   1.53342E+02
 1.20188E+00   1.53492E+02
 1.19753E+00   1.53653E+02
 1.19409E+00   1.53822E+02
 1.18940E+00   1.53988E+02
 1.18574E+00   1.54177E+02
 1.18077E+00   1.54347E+02
 1.17682E+00   1.54556E+02
 1.17165E+00   1.54731E+02
 1.16735E+00   1.54958E+02
 1.16208E+00   1.55142E+02
 1.15738E+00   1.55383E+02
 1.15207E+00   1.55579E+02
 1.14696E+00   1.55832E+02
 1.14167E+00   1.56045E+02
 1.13619E+00   1.56304E+02
 1.13092E+00   1.56539E+02
 1.12515E+00   1.56800E+02
 1.11987E+00   1.57059E+02
 1.11391E+00   1.57320E+02
 1.10855E+00   1.57602E+02
 1.10252E+00   1.57864E+02
 1.09699E+00   1.58163E+02
 1.09093E+00   1.58431E+02
 1.08515E+00   1.58741E+02
 1.07907E+00   1.59021E+02
 1.07300E+00   1.59333E+02
 1.06683E+00   1.59632E+02
 1.06052E+00   1.59944E+02
 1.05417E+00   1.60263E+02
 1.04769E+00   1.60578E+02
 1.04115E+00   1.60916E+02
 1.03459E+00   1.61242E+02
 1.02793E+00   1.61593E+02
 1.02137E+00   1.61939E+02
 1.01474E+00   1.62297E+02
 1.00819E+00   1.62668E+02
 1.00174E+00   1.63031E+02
 9.95129E-01   1.63422E+02
 9.88852E-01   1.63794E+02
 9.82143E-01   1.64193E+02
 9.75849E-01   1.64583E+02
 9.69042E-01   1.64980E+02
 9.62460E-01   1.65390E+02
 9.55626E-01   1.65785E+02
 9.48635E-01   1.66207E+02
 9.41865E-01   1.66610E+02
 9.34648E-01   1.67032E+02
 9.27980E-01   1.67454E+02
 9.20919E-01   1.67869E+02
 9.14303E-01   1.68312E+02
 9.07640E-01   1.68728E+02
 9.00982E-01   1.69184E+02
 8.94557E-01   1.69624E+02
 8.87801E-01   1.70083E+02
 8.81206E-01   1.70559E+02
 8.74378E-01   1.71022E+02
 8.67443E-01   1.71521E+02
 8.60625E-01   1.71994E+02
 8.53683E-01   1.72488E+02
 8.46946E-01   1.72975E+02
 8.40453E-01   1.73453E+02
 8.33830E-01   1.73949E+02
 8.27704E-01   1.74435E+02
 8.21202E-01   1.74941E+02
 8.14835E-01   1.75458E+02
 8.08430E-01   1.75979E+02
 8.01556E-01   1.76517E+02
 7.95159E-01   1.77051E+02
 7.88370E-01   1.77577E+02
 7.81872E-01   1.78107E+02
 7.75787E-01   1.78626E+02
 7.69242E-01   1.79151E+02
 7.63417E-01   1.79703E+02
 7.57076E-01   1.80252E+02
 7.50633E-01   1.80839E+02
 7.44633E-01   1.81428E+02
 7.37846E-01   1.81994E+02
 7.31966E-01   1.82587E+02
 7.25918E-01   1.83122E+02
 7.19883E-01   1.83685E+02
 7.14438E-01   1.84262E+02
 7.08333E-01   1.84826E+02
 7.02294E-01   1.85465E+02
 6.96328E-01   1.86068E+02
 6.89889E-01   1.86682E+02
 6.84015E-01   1.87301E+02
 6.78505E-01   1.87871E+02
 6.72716E-01   1.88472E+02
 6.67758E-01   1.89103E+02
 6.62228E-01   1.89702E+02
 6.56419E-01   1.90378E+02
 6.50951E-01   1.91017E+02
 6.44901E-01   1.91620E+02
 6.39289E-01   1.92303E+02
 6.34163E-01   1.92896E+02
 6.28803E-01   1.93552E+02
 6.23582E-01   1.94231E+02
 6.18443E-01   1.94830E+02
 6.12532E-01   1.95494E+02
 6.07158E-01   1.96151E+02
 6.02129E-01   1.96817E+02
 5.96887E-01   1.97522E+02
 5.92546E-01   1.98243E+02
 5.87469E-01   1.98901E+02
 5.82168E-01   1.99511E+02
 5.77230E-01   2.00206E+02
 5.72123E-01   2.00875E+02
 5.67782E-01   2.01554E+02
 5.63039E-01   2.02370E+02
 5.57896E-01   2.03044E+02
 5.52654E-01   2.03671E+02
 5.47594E-01   2.04441E+02
 5.43811E-01   2.05126E+02
 5.40083E-01   2.05808E+02
 5.34587E-01   2.06556E+02
 5.29131E-01   2.07256E+02
 5.25144E-01   2.07948E+02
