/rn,a,b/nx0/ls1
283 -0.282 0.282 0 OUTPUT_AMP_PHASE Wavelength=0.564
 7.50463E-01   2.14312E+02
 7.55411E-01   2.13380E+02
 7.62161E-01   2.12585E+02
 7.65927E-01   2.11624E+02
 7.68012E-01   2.10753E+02
 7.70597E-01   2.10052E+02
 7.74739E-01   2.08882E+02
 7.82487E-01   2.08319E+02
 7.86810E-01   2.07359E+02
 7.90622E-01   2.06326E+02
 7.92517E-01   2.05537E+02
 7.98658E-01   2.04719E+02
 8.02364E-01   2.03859E+02
 8.07657E-01   2.03160E+02
 8.12335E-01   2.02301E+02
 8.13323E-01   2.01415E+02
 8.19591E-01   2.00501E+02
 8.22614E-01   1.99660E+02
 8.29282E-01   1.98883E+02
 8.33861E-01   1.98001E+02
 8.38403E-01   1.97298E+02
 8.41508E-01   1.96465E+02
 8.46021E-01   1.95547E+02
 8.49930E-01   1.94987E+02
 8.55694E-01   1.93954E+02
 8.60620E-01   1.93360E+02
 8.66662E-01   1.92498E+02
 8.69739E-01   1.91602E+02
 8.75347E-01   1.90946E+02
 8.77488E-01   1.90010E+02
 8.82270E-01   1.89363E+02
 8.85745E-01   1.88568E+02
 8.91400E-01   1.87847E+02
 8.94569E-01   1.87001E+02
 9.02928E-01   1.86344E+02
 9.04359E-01   1.85390E+02
 9.12837E-01   1.84819E+02
 9.15286E-01   1.83979E+02
 9.20051E-01   1.83310E+02
 9.26002E-01   1.82644E+02
 9.27887E-01   1.81832E+02
 9.35631E-01   1.81150E+02
 9.38129E-01   1.80377E+02
 9.44907E-01   1.79583E+02
 9.48917E-01   1.78952E+02
 9.54529E-01   1.78141E+02
 9.58509E-01   1.77575E+02
 9.64369E-01   1.76810E+02
 9.67404E-01   1.76223E+02
 9.74171E-01   1.75474E+02
 9.76619E-01   1.74856E+02
 9.83851E-01   1.74132E+02
 9.86227E-01   1.73481E+02
 9.93280E-01   1.72843E+02
 9.95939E-01   1.72147E+02
 1.00245E+00   1.71587E+02
 1.00581E+00   1.70883E+02
 1.01173E+00   1.70292E+02
 1.01595E+00   1.69647E+02
 1.02148E+00   1.68964E+02
 1.02612E+00   1.68384E+02
 1.03139E+00   1.67681E+02
 1.03599E+00   1.67088E+02
 1.04080E+00   1.66492E+02
 1.04551E+00   1.65820E+02
 1.04946E+00   1.65360E+02
 1.05497E+00   1.64639E+02
 1.05786E+00   1.64224E+02
 1.06459E+00   1.63549E+02
 1.06672E+00   1.63065E+02
 1.07426E+00   1.62502E+02
 1.07633E+00   1.61919E+02
 1.08365E+00   1.61438E+02
 1.08636E+00   1.60823E+02
 1.09254E+00   1.60339E+02
 1.09622E+00   1.59782E+02
 1.10100E+00   1.59229E+02
 1.10557E+00   1.58767E+02
 1.10931E+00   1.58148E+02
 1.11443E+00   1.57751E+02
 1.11782E+00   1.57123E+02
 1.12308E+00   1.56731E+02
 1.12664E+00   1.56155E+02
 1.13183E+00   1.55731E+02
 1.13563E+00   1.55228E+02
 1.14075E+00   1.54780E+02
 1.14449E+00   1.54326E+02
 1.14975E+00   1.53893E+02
 1.15292E+00   1.53438E+02
 1.15860E+00   1.53066E+02
 1.16075E+00   1.52569E+02
 1.16713E+00   1.52276E+02
 1.16808E+00   1.51731E+02
 1.17518E+00   1.51500E+02
 1.17512E+00   1.50933E+02
 1.18272E+00   1.50727E+02
 1.18217E+00   1.50178E+02
 1.18978E+00   1.49955E+02
 1.18937E+00   1.49465E+02
 1.19644E+00   1.49195E+02
 1.19674E+00   1.48790E+02
 1.20280E+00   1.48457E+02
 1.20423E+00   1.48146E+02
 1.20894E+00   1.47754E+02
 1.21166E+00   1.47525E+02
 1.21493E+00   1.47096E+02
 1.21880E+00   1.46924E+02
 1.22084E+00   1.46486E+02
 1.22549E+00   1.46345E+02
 1.22661E+00   1.45922E+02
 1.23168E+00   1.45788E+02
 1.23219E+00   1.45403E+02
 1.23737E+00   1.45257E+02
 1.23752E+00   1.44923E+02
 1.24257E+00   1.44756E+02
 1.24255E+00   1.44477E+02
 1.24730E+00   1.44290E+02
 1.24728E+00   1.44060E+02
 1.25154E+00   1.43862E+02
 1.25175E+00   1.43674E+02
 1.25534E+00   1.43472E+02
 1.25591E+00   1.43318E+02
 1.25875E+00   1.43117E+02
 1.25971E+00   1.42995E+02
 1.26180E+00   1.42797E+02
 1.26316E+00   1.42705E+02
 1.26447E+00   1.42512E+02
 1.26626E+00   1.42448E+02
 1.26679E+00   1.42266E+02
 1.26900E+00   1.42222E+02
 1.26879E+00   1.42058E+02
 1.27132E+00   1.42027E+02
 1.27050E+00   1.41887E+02
 1.27319E+00   1.41865E+02
 1.27189E+00   1.41753E+02
 1.27463E+00   1.41739E+02
 1.27295E+00   1.41652E+02
 1.27567E+00   1.41647E+02
 1.27364E+00   1.41585E+02
 1.27631E+00   1.41592E+02
 1.27399E+00   1.41552E+02
 1.27652E+00   1.41574E+02
 1.27400E+00   1.41552E+02
 1.27631E+00   1.41592E+02
 1.27364E+00   1.41585E+02
 1.27569E+00   1.41648E+02
 1.27291E+00   1.41651E+02
 1.27467E+00   1.41739E+02
 1.27183E+00   1.41751E+02
 1.27323E+00   1.41866E+02
 1.27044E+00   1.41885E+02
 1.27133E+00   1.42028E+02
 1.26876E+00   1.42056E+02
 1.26899E+00   1.42223E+02
 1.26678E+00   1.42264E+02
 1.26623E+00   1.42449E+02
 1.26446E+00   1.42512E+02
 1.26312E+00   1.42706E+02
 1.26180E+00   1.42797E+02
 1.25965E+00   1.42996E+02
 1.25878E+00   1.43119E+02
 1.25582E+00   1.43318E+02
 1.25541E+00   1.43477E+02
 1.25165E+00   1.43673E+02
 1.25164E+00   1.43870E+02
 1.24719E+00   1.44060E+02
 1.24741E+00   1.44301E+02
 1.24248E+00   1.44476E+02
 1.24269E+00   1.44768E+02
 1.23748E+00   1.44923E+02
 1.23749E+00   1.45268E+02
 1.23219E+00   1.45405E+02
 1.23176E+00   1.45797E+02
 1.22668E+00   1.45926E+02
 1.22546E+00   1.46350E+02
 1.22099E+00   1.46491E+02
 1.21865E+00   1.46923E+02
 1.21514E+00   1.47104E+02
 1.21140E+00   1.47517E+02
 1.20912E+00   1.47762E+02
 1.20395E+00   1.48135E+02
 1.20288E+00   1.48460E+02
 1.19656E+00   1.48782E+02
 1.19631E+00   1.49192E+02
 1.18944E+00   1.49463E+02
 1.18939E+00   1.49946E+02
 1.18260E+00   1.50184E+02
 1.18213E+00   1.50713E+02
 1.17589E+00   1.50947E+02
 1.17454E+00   1.51486E+02
 1.16903E+00   1.51748E+02
 1.16664E+00   1.52268E+02
 1.16162E+00   1.52583E+02
 1.15847E+00   1.53067E+02
 1.15334E+00   1.53442E+02
 1.15001E+00   1.53903E+02
 1.14428E+00   1.54317E+02
 1.14124E+00   1.54793E+02
 1.13489E+00   1.55211E+02
 1.13220E+00   1.55738E+02
 1.12578E+00   1.56141E+02
 1.12299E+00   1.56724E+02
 1.11738E+00   1.57121E+02
 1.11379E+00   1.57731E+02
 1.10958E+00   1.58159E+02
 1.10474E+00   1.58748E+02
 1.10175E+00   1.59244E+02
 1.09579E+00   1.59777E+02
 1.09314E+00   1.60347E+02
 1.08672E+00   1.60836E+02
 1.08352E+00   1.61433E+02
 1.07738E+00   1.61938E+02
 1.07339E+00   1.62492E+02
 1.06784E+00   1.63072E+02
 1.06362E+00   1.63546E+02
 1.05845E+00   1.64212E+02
 1.05464E+00   1.64645E+02
 1.04945E+00   1.65344E+02
 1.04588E+00   1.65829E+02
 1.04060E+00   1.66493E+02
 1.03641E+00   1.67091E+02
 1.03122E+00   1.67702E+02
 1.02601E+00   1.68380E+02
 1.02104E+00   1.68982E+02
 1.01554E+00   1.69642E+02
 1.01078E+00   1.70287E+02
 1.00590E+00   1.70875E+02
 1.00160E+00   1.71570E+02
 9.96755E-01   1.72132E+02
 9.93553E-01   1.72844E+02
 9.87022E-01   1.73457E+02
 9.85145E-01   1.74157E+02
 9.76644E-01   1.74835E+02
 9.74915E-01   1.75498E+02
 9.66915E-01   1.76214E+02
 9.63568E-01   1.76805E+02
 9.58248E-01   1.77582E+02
 9.53385E-01   1.78114E+02
 9.48965E-01   1.78980E+02
 9.45020E-01   1.79564E+02
 9.38046E-01   1.80418E+02
 9.36414E-01   1.81155E+02
 9.27651E-01   1.81853E+02
 9.25964E-01   1.82664E+02
 9.19884E-01   1.83277E+02
 9.15011E-01   1.83997E+02
 9.12533E-01   1.84766E+02
 9.05120E-01   1.85393E+02
 9.02462E-01   1.86329E+02
 8.95358E-01   1.87005E+02
 8.91555E-01   1.87867E+02
 8.85368E-01   1.88588E+02
 8.83160E-01   1.89378E+02
 8.77282E-01   1.90001E+02
 8.75398E-01   1.90962E+02
 8.70506E-01   1.91533E+02
 8.65249E-01   1.92517E+02
 8.60857E-01   1.93313E+02
 8.54922E-01   1.93952E+02
 8.49423E-01   1.95024E+02
 8.46969E-01   1.95541E+02
 8.41274E-01   1.96508E+02
 8.38795E-01   1.97295E+02
 8.33725E-01   1.98011E+02
 8.28686E-01   1.98868E+02
 8.22676E-01   1.99671E+02
 8.20188E-01   2.00514E+02
 8.13459E-01   2.01395E+02
 8.13204E-01   2.02325E+02
 8.06907E-01   2.03120E+02
 8.02513E-01   2.03832E+02
 7.98190E-01   2.04721E+02
 7.92330E-01   2.05550E+02
 7.91103E-01   2.06329E+02
 7.85656E-01   2.07418E+02
 7.82502E-01   2.08303E+02
 7.75471E-01   2.08863E+02
 7.71130E-01   2.10081E+02
 7.68700E-01   2.10725E+02
 7.66656E-01   2.11607E+02
 7.60796E-01   2.12571E+02
 7.53614E-01   2.13412E+02
 7.51868E-01   2.14262E+02
