/rn,a,b/nx0/ls1
283 -0.282 0.282 0 OUTPUT_AMP_PHASE Wavelength=0.564
 5.52283E-01   5.34142E+01
 5.53908E-01   5.26711E+01
 5.55896E-01   5.18288E+01
 5.56703E-01   5.10004E+01
 5.57199E-01   5.02451E+01
 5.58365E-01   4.94220E+01
 5.59412E-01   4.85839E+01
 5.60728E-01   4.78486E+01
 5.62153E-01   4.70460E+01
 5.62395E-01   4.61981E+01
 5.62896E-01   4.54711E+01
 5.64069E-01   4.47072E+01
 5.65135E-01   4.38821E+01
 5.66358E-01   4.31259E+01
 5.67257E-01   4.23682E+01
 5.67771E-01   4.15471E+01
 5.67843E-01   4.07986E+01
 5.68491E-01   4.00810E+01
 5.69328E-01   3.92768E+01
 5.69777E-01   3.85686E+01
 5.70761E-01   3.78441E+01
 5.71050E-01   3.70463E+01
 5.71051E-01   3.63623E+01
 5.71634E-01   3.56066E+01
 5.71855E-01   3.48516E+01
 5.72284E-01   3.41519E+01
 5.73135E-01   3.33911E+01
 5.73185E-01   3.26752E+01
 5.73341E-01   3.19808E+01
 5.73384E-01   3.12871E+01
 5.72841E-01   3.05996E+01
 5.72923E-01   2.99315E+01
 5.72824E-01   2.92114E+01
 5.72719E-01   2.85028E+01
 5.72895E-01   2.78067E+01
 5.72579E-01   2.70819E+01
 5.72137E-01   2.64350E+01
 5.71702E-01   2.57667E+01
 5.70945E-01   2.51151E+01
 5.70422E-01   2.44862E+01
 5.70109E-01   2.38073E+01
 5.69481E-01   2.31585E+01
 5.69248E-01   2.24973E+01
 5.68516E-01   2.18337E+01
 5.67524E-01   2.12124E+01
 5.66714E-01   2.05749E+01
 5.65083E-01   1.99597E+01
 5.64160E-01   1.93494E+01
 5.62698E-01   1.87171E+01
 5.61506E-01   1.81065E+01
 5.60481E-01   1.74805E+01
 5.58863E-01   1.68667E+01
 5.57811E-01   1.62740E+01
 5.55840E-01   1.56794E+01
 5.54322E-01   1.51118E+01
 5.52313E-01   1.45451E+01
 5.50351E-01   1.39782E+01
 5.48537E-01   1.34230E+01
 5.46342E-01   1.28497E+01
 5.44582E-01   1.22901E+01
 5.42238E-01   1.17225E+01
 5.40125E-01   1.11639E+01
 5.37619E-01   1.06133E+01
 5.34894E-01   1.00725E+01
 5.32247E-01   9.54118E+00
 5.29060E-01   9.02450E+00
 5.26282E-01   8.51195E+00
 5.23044E-01   8.00814E+00
 5.20040E-01   7.51615E+00
 5.17027E-01   7.01005E+00
 5.13636E-01   6.53728E+00
 5.10745E-01   6.02655E+00
 5.06915E-01   5.56375E+00
 5.03763E-01   5.06127E+00
 4.99638E-01   4.59585E+00
 4.95882E-01   4.11811E+00
 4.91705E-01   3.64456E+00
 4.87283E-01   3.19914E+00
 4.83204E-01   2.72443E+00
 4.78343E-01   2.30661E+00
 4.74301E-01   1.84591E+00
 4.69335E-01   1.44384E+00
 4.65104E-01   1.01043E+00
 4.60252E-01   6.13059E-01
 4.55593E-01   2.10891E-01
 4.50853E-01   3.59813E+02
 4.45652E-01   3.59436E+02
 4.40836E-01   3.59039E+02
 4.35142E-01   3.58678E+02
 4.30004E-01   3.58286E+02
 4.23973E-01   3.57930E+02
 4.18335E-01   3.57550E+02
 4.12138E-01   3.57196E+02
 4.05947E-01   3.56831E+02
 3.99692E-01   3.56482E+02
 3.93018E-01   3.56135E+02
 3.86722E-01   3.55795E+02
 3.79703E-01   3.55468E+02
 3.73305E-01   3.55141E+02
 3.66091E-01   3.54835E+02
 3.59494E-01   3.54525E+02
 3.52198E-01   3.54238E+02
 3.45311E-01   3.53947E+02
 3.37986E-01   3.53679E+02
 3.30757E-01   3.53405E+02
 3.23399E-01   3.53153E+02
 3.15816E-01   3.52896E+02
 3.08383E-01   3.52658E+02
 3.00476E-01   3.52417E+02
 2.92906E-01   3.52190E+02
 2.84724E-01   3.51964E+02
 2.76961E-01   3.51746E+02
 2.68557E-01   3.51537E+02
 2.60559E-01   3.51325E+02
 2.51982E-01   3.51134E+02
 2.43726E-01   3.50928E+02
 2.35012E-01   3.50754E+02
 2.26492E-01   3.50555E+02
 2.17667E-01   3.50399E+02
 2.08895E-01   3.50207E+02
 1.99972E-01   3.50071E+02
 1.90968E-01   3.49886E+02
 1.81954E-01   3.49770E+02
 1.72742E-01   3.49593E+02
 1.63642E-01   3.49496E+02
 1.54248E-01   3.49329E+02
 1.45065E-01   3.49251E+02
 1.35518E-01   3.49096E+02
 1.26254E-01   3.49036E+02
 1.16577E-01   3.48892E+02
 1.07240E-01   3.48850E+02
 9.74562E-02   3.48717E+02
 8.80529E-02   3.48694E+02
 7.81853E-02   3.48571E+02
 6.87248E-02   3.48568E+02
 5.87919E-02   3.48451E+02
 4.92889E-02   3.48471E+02
 3.93061E-02   3.48348E+02
 2.97764E-02   3.48403E+02
 1.97612E-02   3.48224E+02
 1.02183E-02   3.48360E+02
 1.95937E-04   3.31994E+02
 9.35279E-03   1.68373E+02
 1.93823E-02   1.68548E+02
 2.89045E-02   1.68388E+02
 3.89180E-02   1.68510E+02
 4.84060E-02   1.68438E+02
 5.83871E-02   1.68557E+02
 6.78268E-02   1.68518E+02
 7.77567E-02   1.68647E+02
 8.71377E-02   1.68629E+02
 9.69967E-02   1.68772E+02
 1.06310E-01   1.68768E+02
 1.16076E-01   1.68927E+02
 1.25318E-01   1.68937E+02
 1.34964E-01   1.69111E+02
 1.44137E-01   1.69136E+02
 1.53633E-01   1.69325E+02
 1.62744E-01   1.69366E+02
 1.72059E-01   1.69568E+02
 1.81114E-01   1.69627E+02
 1.90219E-01   1.69839E+02
 1.99228E-01   1.69920E+02
 2.08093E-01   1.70139E+02
 2.17065E-01   1.70248E+02
 2.25666E-01   1.70470E+02
 2.34599E-01   1.70610E+02
 2.42927E-01   1.70832E+02
 2.51804E-01   1.71007E+02
 2.59869E-01   1.71228E+02
 2.68647E-01   1.71438E+02
 2.76480E-01   1.71657E+02
 2.85093E-01   1.71904E+02
 2.92747E-01   1.72121E+02
 3.01102E-01   1.72400E+02
 3.08645E-01   1.72620E+02
 3.16635E-01   1.72923E+02
 3.24134E-01   1.73151E+02
 3.31660E-01   1.73467E+02
 3.39156E-01   1.73713E+02
 3.46157E-01   1.74030E+02
 3.53643E-01   1.74298E+02
 3.60126E-01   1.74609E+02
 3.67526E-01   1.74903E+02
 3.73589E-01   1.75204E+02
 3.80760E-01   1.75524E+02
 3.86586E-01   1.75818E+02
 3.93344E-01   1.76161E+02
 3.99156E-01   1.76460E+02
 4.05349E-01   1.76819E+02
 4.11324E-01   1.77137E+02
 4.16905E-01   1.77506E+02
 4.23086E-01   1.77854E+02
 4.28166E-01   1.78231E+02
 4.34411E-01   1.78610E+02
 4.39245E-01   1.78998E+02
 4.45249E-01   1.79400E+02
 4.50139E-01   1.79804E+02
 4.55564E-01   1.80215E+02
 4.60704E-01   1.80637E+02
 4.65361E-01   1.81048E+02
 4.70690E-01   1.81482E+02
 4.74677E-01   1.81898E+02
 4.79870E-01   1.82333E+02
 4.83555E-01   1.82770E+02
 4.88184E-01   1.83196E+02
 4.91991E-01   1.83669E+02
 4.95809E-01   1.84089E+02
 4.99912E-01   1.84593E+02
 5.03069E-01   1.85028E+02
 5.07243E-01   1.85536E+02
 5.10198E-01   1.86013E+02
 5.13995E-01   1.86494E+02
 5.17158E-01   1.87020E+02
 5.20291E-01   1.87472E+02
 5.23662E-01   1.88028E+02
 5.26272E-01   1.88487E+02
 5.29451E-01   1.89037E+02
 5.31954E-01   1.89550E+02
 5.34570E-01   1.90077E+02
 5.37213E-01   1.90650E+02
 5.39346E-01   1.91169E+02
 5.41973E-01   1.91758E+02
 5.44041E-01   1.92296E+02
 5.46356E-01   1.92850E+02
 5.48553E-01   1.93414E+02
 5.50521E-01   1.93945E+02
 5.52555E-01   1.94519E+02
 5.54344E-01   1.95086E+02
 5.55929E-01   1.95664E+02
 5.57498E-01   1.96296E+02
 5.58891E-01   1.96894E+02
 5.60009E-01   1.97537E+02
 5.61618E-01   1.98163E+02
 5.62483E-01   1.98755E+02
 5.64034E-01   1.99382E+02
 5.65282E-01   1.99952E+02
 5.66109E-01   2.00560E+02
 5.67736E-01   2.01185E+02
 5.68042E-01   2.01804E+02
 5.69039E-01   2.02486E+02
 5.69795E-01   2.03144E+02
 5.69758E-01   2.03810E+02
 5.70982E-01   2.04479E+02
 5.71087E-01   2.05115E+02
 5.71668E-01   2.05771E+02
 5.72644E-01   2.06442E+02
 5.72445E-01   2.07115E+02
 5.73033E-01   2.07825E+02
 5.73137E-01   2.08523E+02
 5.72626E-01   2.09202E+02
 5.72983E-01   2.09887E+02
 5.72933E-01   2.10548E+02
 5.72594E-01   2.11238E+02
 5.73416E-01   2.11962E+02
 5.72973E-01   2.12692E+02
 5.72717E-01   2.13448E+02
 5.73006E-01   2.14168E+02
 5.71846E-01   2.14871E+02
 5.71868E-01   2.15584E+02
 5.71768E-01   2.16279E+02
 5.70985E-01   2.17046E+02
 5.70816E-01   2.17808E+02
 5.70058E-01   2.18551E+02
 5.68721E-01   2.19335E+02
 5.68095E-01   2.20043E+02
 5.67816E-01   2.20807E+02
 5.67164E-01   2.21607E+02
 5.67159E-01   2.22348E+02
 5.66433E-01   2.23149E+02
 5.64751E-01   2.23890E+02
 5.63996E-01   2.24618E+02
 5.63490E-01   2.25435E+02
 5.62760E-01   2.26202E+02
 5.62302E-01   2.27027E+02
 5.60965E-01   2.27862E+02
 5.58779E-01   2.28627E+02
 5.57844E-01   2.29443E+02
 5.57602E-01   2.30238E+02
 5.56936E-01   2.31003E+02
 5.55723E-01   2.31822E+02
 5.53858E-01   2.32664E+02
 5.52239E-01   2.33491E+02
