/rn,a,b/nx0/ls1
283 -0.282 0.282 0 OUTPUT_AMP_PHASE Wavelength=0.564
 5.25109E-01   2.07893E+02
 5.29810E-01   2.07262E+02
 5.34875E-01   2.06546E+02
 5.39460E-01   2.05813E+02
 5.43598E-01   2.05132E+02
 5.47840E-01   2.04410E+02
 5.53054E-01   2.03672E+02
 5.58310E-01   2.03008E+02
 5.63008E-01   2.02328E+02
 5.67292E-01   2.01590E+02
 5.71676E-01   2.00926E+02
 5.76613E-01   2.00241E+02
 5.82185E-01   1.99534E+02
 5.88143E-01   1.98903E+02
 5.92933E-01   1.98218E+02
 5.97344E-01   1.97504E+02
 6.02317E-01   1.96819E+02
 6.06903E-01   1.96156E+02
 6.12440E-01   1.95501E+02
 6.18327E-01   1.94883E+02
 6.23484E-01   1.94256E+02
 6.28826E-01   1.93560E+02
 6.34132E-01   1.92920E+02
 6.39214E-01   1.92255E+02
 6.44712E-01   1.91597E+02
 6.50709E-01   1.91006E+02
 6.56193E-01   1.90356E+02
 6.61965E-01   1.89728E+02
 6.67800E-01   1.89118E+02
 6.72768E-01   1.88478E+02
 6.78640E-01   1.87882E+02
 6.84301E-01   1.87304E+02
 6.89873E-01   1.86678E+02
 6.96393E-01   1.86097E+02
 7.02191E-01   1.85479E+02
 7.08119E-01   1.84842E+02
 7.14274E-01   1.84273E+02
 7.19750E-01   1.83657E+02
 7.25739E-01   1.83096E+02
 7.32044E-01   1.82548E+02
 7.37949E-01   1.81961E+02
 7.44771E-01   1.81424E+02
 7.51118E-01   1.80849E+02
 7.57204E-01   1.80281E+02
 7.63821E-01   1.79749E+02
 7.69367E-01   1.79184E+02
 7.75666E-01   1.78658E+02
 7.81899E-01   1.78127E+02
 7.87929E-01   1.77573E+02
 7.95013E-01   1.77053E+02
 8.01345E-01   1.76496E+02
 8.08265E-01   1.75962E+02
 8.15065E-01   1.75439E+02
 8.21271E-01   1.74910E+02
 8.28104E-01   1.74423E+02
 8.34182E-01   1.73925E+02
 8.40689E-01   1.73446E+02
 8.47354E-01   1.72973E+02
 8.53695E-01   1.72491E+02
 8.60824E-01   1.72015E+02
 8.67393E-01   1.71537E+02
 8.74322E-01   1.71050E+02
 8.81243E-01   1.70581E+02
 8.87650E-01   1.70101E+02
 8.94688E-01   1.69637E+02
 9.00899E-01   1.69185E+02
 9.07766E-01   1.68724E+02
 9.14295E-01   1.68298E+02
 9.20929E-01   1.67849E+02
 9.27927E-01   1.67433E+02
 9.34483E-01   1.67006E+02
 9.41682E-01   1.66588E+02
 9.48317E-01   1.66183E+02
 9.55369E-01   1.65765E+02
 9.62083E-01   1.65373E+02
 9.68876E-01   1.64968E+02
 9.75535E-01   1.64576E+02
 9.82213E-01   1.64191E+02
 9.88705E-01   1.63799E+02
 9.95448E-01   1.63429E+02
 1.00180E+00   1.63045E+02
 1.00862E+00   1.62683E+02
 1.01499E+00   1.62319E+02
 1.02172E+00   1.61956E+02
 1.02828E+00   1.61617E+02
 1.03470E+00   1.61255E+02
 1.04152E+00   1.60938E+02
 1.04752E+00   1.60584E+02
 1.05450E+00   1.60280E+02
 1.06015E+00   1.59942E+02
 1.06708E+00   1.59641E+02
 1.07260E+00   1.59327E+02
 1.07921E+00   1.59022E+02
 1.08485E+00   1.58732E+02
 1.09097E+00   1.58424E+02
 1.09688E+00   1.58156E+02
 1.10245E+00   1.57851E+02
 1.10865E+00   1.57597E+02
 1.11376E+00   1.57303E+02
 1.12010E+00   1.57057E+02
 1.12491E+00   1.56781E+02
 1.13120E+00   1.56540E+02
 1.13589E+00   1.56286E+02
 1.14192E+00   1.56048E+02
 1.14663E+00   1.55817E+02
 1.15223E+00   1.55584E+02
 1.15704E+00   1.55373E+02
 1.16213E+00   1.55148E+02
 1.16705E+00   1.54954E+02
 1.17161E+00   1.54740E+02
 1.17658E+00   1.54559E+02
 1.18065E+00   1.54359E+02
 1.18559E+00   1.54188E+02
 1.18925E+00   1.54004E+02
 1.19405E+00   1.53840E+02
 1.19738E+00   1.53672E+02
 1.20194E+00   1.53516E+02
 1.20503E+00   1.53365E+02
 1.20927E+00   1.53215E+02
 1.21216E+00   1.53080E+02
 1.21603E+00   1.52938E+02
 1.21876E+00   1.52819E+02
 1.22221E+00   1.52685E+02
 1.22480E+00   1.52581E+02
 1.22782E+00   1.52457E+02
 1.23025E+00   1.52367E+02
 1.23284E+00   1.52254E+02
 1.23510E+00   1.52177E+02
 1.23727E+00   1.52075E+02
 1.23933E+00   1.52011E+02
 1.24109E+00   1.51922E+02
 1.24294E+00   1.51870E+02
 1.24429E+00   1.51794E+02
 1.24590E+00   1.51755E+02
 1.24687E+00   1.51692E+02
 1.24821E+00   1.51665E+02
 1.24881E+00   1.51615E+02
 1.24986E+00   1.51600E+02
 1.25010E+00   1.51564E+02
 1.25086E+00   1.51562E+02
 1.25075E+00   1.51538E+02
 1.25119E+00   1.51549E+02
 1.25075E+00   1.51538E+02
 1.25086E+00   1.51562E+02
 1.25010E+00   1.51564E+02
 1.24987E+00   1.51600E+02
 1.24880E+00   1.51615E+02
 1.24821E+00   1.51665E+02
 1.24686E+00   1.51692E+02
 1.24590E+00   1.51755E+02
 1.24429E+00   1.51794E+02
 1.24294E+00   1.51871E+02
 1.24108E+00   1.51922E+02
 1.23934E+00   1.52011E+02
 1.23726E+00   1.52076E+02
 1.23510E+00   1.52177E+02
 1.23284E+00   1.52254E+02
 1.23024E+00   1.52367E+02
 1.22782E+00   1.52459E+02
 1.22479E+00   1.52582E+02
 1.22222E+00   1.52688E+02
 1.21874E+00   1.52820E+02
 1.21604E+00   1.52941E+02
 1.21214E+00   1.53081E+02
 1.20929E+00   1.53219E+02
 1.20500E+00   1.53366E+02
 1.20197E+00   1.53521E+02
 1.19735E+00   1.53673E+02
 1.19408E+00   1.53845E+02
 1.18922E+00   1.54005E+02
 1.18562E+00   1.54193E+02
 1.18063E+00   1.54360E+02
 1.17661E+00   1.54563E+02
 1.17160E+00   1.54741E+02
 1.16707E+00   1.54956E+02
 1.16214E+00   1.55149E+02
 1.15704E+00   1.55373E+02
 1.15226E+00   1.55585E+02
 1.14660E+00   1.55814E+02
 1.14196E+00   1.56048E+02
 1.13584E+00   1.56282E+02
 1.13124E+00   1.56539E+02
 1.12485E+00   1.56777E+02
 1.12012E+00   1.57056E+02
 1.11369E+00   1.57300E+02
 1.10864E+00   1.57595E+02
 1.10240E+00   1.57850E+02
 1.09684E+00   1.58154E+02
 1.09095E+00   1.58426E+02
 1.08478E+00   1.58731E+02
 1.07922E+00   1.59024E+02
 1.07253E+00   1.59326E+02
 1.06711E+00   1.59643E+02
 1.06011E+00   1.59942E+02
 1.05453E+00   1.60280E+02
 1.04752E+00   1.60584E+02
 1.04153E+00   1.60936E+02
 1.03474E+00   1.61255E+02
 1.02826E+00   1.61613E+02
 1.02178E+00   1.61954E+02
 1.01496E+00   1.62316E+02
 1.00866E+00   1.62680E+02
 1.00178E+00   1.63046E+02
 9.95464E-01   1.63428E+02
 9.88731E-01   1.63802E+02
 9.82227E-01   1.64192E+02
 9.75598E-01   1.64580E+02
 9.68924E-01   1.64973E+02
 9.62150E-01   1.65375E+02
 9.55453E-01   1.65771E+02
 9.48354E-01   1.66183E+02
 9.41736E-01   1.66590E+02
 9.34480E-01   1.67004E+02
 9.27863E-01   1.67429E+02
 9.20906E-01   1.67847E+02
 9.14109E-01   1.68289E+02
 9.07748E-01   1.68722E+02
 9.00726E-01   1.69178E+02
 8.94675E-01   1.69635E+02
 8.87668E-01   1.70101E+02
 8.81224E-01   1.70578E+02
 8.74549E-01   1.71055E+02
 8.67381E-01   1.71536E+02
 8.61042E-01   1.72020E+02
 8.53719E-01   1.72493E+02
 8.47323E-01   1.72972E+02
 8.40732E-01   1.73448E+02
 8.33943E-01   1.73922E+02
 8.28092E-01   1.74423E+02
 8.21124E-01   1.74909E+02
 8.14972E-01   1.75440E+02
 8.08379E-01   1.75963E+02
 8.01275E-01   1.76501E+02
 7.95190E-01   1.77056E+02
 7.87995E-01   1.77579E+02
 7.81887E-01   1.78131E+02
 7.75794E-01   1.78656E+02
 7.69241E-01   1.79185E+02
 7.63809E-01   1.79741E+02
 7.57184E-01   1.80277E+02
 7.50974E-01   1.80848E+02
 7.44826E-01   1.81419E+02
 7.37933E-01   1.81965E+02
 7.32039E-01   1.82550E+02
 7.25931E-01   1.83092E+02
 7.19778E-01   1.83660E+02
 7.14397E-01   1.84264E+02
 7.08242E-01   1.84838E+02
 7.02065E-01   1.85484E+02
 6.96389E-01   1.86095E+02
 6.89714E-01   1.86694E+02
 6.84120E-01   1.87315E+02
 6.78624E-01   1.87881E+02
 6.72710E-01   1.88479E+02
 6.67827E-01   1.89108E+02
 6.62050E-01   1.89714E+02
 6.56234E-01   1.90361E+02
 6.50708E-01   1.91015E+02
 6.44841E-01   1.91603E+02
 6.39232E-01   1.92273E+02
 6.34153E-01   1.92909E+02
 6.28880E-01   1.93537E+02
 6.23292E-01   1.94249E+02
 6.18221E-01   1.94869E+02
 6.12416E-01   1.95509E+02
 6.06949E-01   1.96182E+02
 6.02488E-01   1.96823E+02
 5.97428E-01   1.97493E+02
 5.92761E-01   1.98213E+02
 5.87877E-01   1.98892E+02
 5.82124E-01   1.99531E+02
 5.76766E-01   2.00271E+02
 5.72015E-01   2.00933E+02
 5.67569E-01   2.01574E+02
 5.62758E-01   2.02331E+02
 5.57920E-01   2.02993E+02
 5.53132E-01   2.03654E+02
 5.47930E-01   2.04427E+02
 5.43594E-01   2.05138E+02
 5.39633E-01   2.05814E+02
 5.34627E-01   2.06561E+02
 5.29410E-01   2.07253E+02
 5.25671E-01   2.07895E+02
