/rn,a,b/nx0/ls1
283 -0.282 0.282 0 OUTPUT_AMP_PHASE Wavelength=0.564
 5.25671E-01   2.07895E+02
 5.22020E-01   2.06892E+02
 5.20322E-01   2.05811E+02
 5.18247E-01   2.04672E+02
 5.14831E-01   2.03603E+02
 5.12085E-01   2.02510E+02
 5.09289E-01   2.01355E+02
 5.06211E-01   2.00305E+02
 5.03822E-01   1.99241E+02
 5.01098E-01   1.98050E+02
 4.97844E-01   1.96936E+02
 4.94838E-01   1.95833E+02
 4.92157E-01   1.94684E+02
 4.89561E-01   1.93587E+02
 4.86606E-01   1.92495E+02
 4.83798E-01   1.91340E+02
 4.80391E-01   1.90170E+02
 4.76953E-01   1.89045E+02
 4.74181E-01   1.87875E+02
 4.71149E-01   1.86725E+02
 4.68155E-01   1.85614E+02
 4.65221E-01   1.84421E+02
 4.61681E-01   1.83265E+02
 4.58360E-01   1.82093E+02
 4.55343E-01   1.80891E+02
 4.52329E-01   1.79724E+02
 4.49627E-01   1.78537E+02
 4.46737E-01   1.77339E+02
 4.43523E-01   1.76160E+02
 4.39934E-01   1.74955E+02
 4.36492E-01   1.73732E+02
 4.32876E-01   1.72530E+02
 4.29697E-01   1.71265E+02
 4.26932E-01   1.70032E+02
 4.23794E-01   1.68776E+02
 4.21114E-01   1.67497E+02
 4.17822E-01   1.66261E+02
 4.14404E-01   1.64968E+02
 4.11222E-01   1.63702E+02
 4.07689E-01   1.62425E+02
 4.04756E-01   1.61116E+02
 4.01803E-01   1.59835E+02
 3.98868E-01   1.58520E+02
 3.96097E-01   1.57193E+02
 3.93003E-01   1.55876E+02
 3.89909E-01   1.54500E+02
 3.86827E-01   1.53137E+02
 3.83699E-01   1.51759E+02
 3.80795E-01   1.50337E+02
 3.78057E-01   1.48979E+02
 3.75293E-01   1.47546E+02
 3.72778E-01   1.46162E+02
 3.70088E-01   1.44760E+02
 3.67401E-01   1.43302E+02
 3.64837E-01   1.41909E+02
 3.62011E-01   1.40399E+02
 3.59632E-01   1.38959E+02
 3.57062E-01   1.37464E+02
 3.54815E-01   1.35956E+02
 3.52721E-01   1.34499E+02
 3.50528E-01   1.32953E+02
 3.48735E-01   1.31486E+02
 3.46634E-01   1.29944E+02
 3.44849E-01   1.28409E+02
 3.42977E-01   1.26883E+02
 3.41123E-01   1.25282E+02
 3.39565E-01   1.23752E+02
 3.37816E-01   1.22141E+02
 3.36532E-01   1.20585E+02
 3.35102E-01   1.19015E+02
 3.33977E-01   1.17428E+02
 3.32960E-01   1.15902E+02
 3.31916E-01   1.14299E+02
 3.31268E-01   1.12779E+02
 3.30340E-01   1.11182E+02
 3.29942E-01   1.09631E+02
 3.29252E-01   1.08056E+02
 3.28990E-01   1.06470E+02
 3.28658E-01   1.04920E+02
 3.28478E-01   1.03325E+02
 3.28535E-01   1.01800E+02
 3.28468E-01   1.00230E+02
 3.28845E-01   9.87274E+01
 3.28965E-01   9.72044E+01
 3.29561E-01   9.57205E+01
 3.29940E-01   9.42540E+01
 3.30671E-01   9.27861E+01
 3.31356E-01   9.13704E+01
 3.32191E-01   8.99247E+01
 3.33180E-01   8.85453E+01
 3.34139E-01   8.71348E+01
 3.35385E-01   8.57805E+01
 3.36503E-01   8.44175E+01
 3.37946E-01   8.30877E+01
 3.39242E-01   8.17788E+01
 3.40830E-01   8.04818E+01
 3.42303E-01   7.92303E+01
 3.43982E-01   7.79762E+01
 3.45628E-01   7.67836E+01
 3.47358E-01   7.55812E+01
 3.49149E-01   7.44466E+01
 3.50922E-01   7.33027E+01
 3.52812E-01   7.22242E+01
 3.54632E-01   7.11428E+01
 3.56583E-01   7.01185E+01
 3.58449E-01   6.91014E+01
 3.60434E-01   6.81296E+01
 3.62336E-01   6.71779E+01
 3.64336E-01   6.62574E+01
 3.66259E-01   6.53705E+01
 3.68255E-01   6.45018E+01
 3.70187E-01   6.36770E+01
 3.72157E-01   6.28617E+01
 3.74080E-01   6.20967E+01
 3.76007E-01   6.13370E+01
 3.77896E-01   6.06292E+01
 3.79761E-01   5.99270E+01
 3.81600E-01   5.92747E+01
 3.83381E-01   5.86303E+01
 3.85150E-01   5.80324E+01
 3.86835E-01   5.74461E+01
 3.88506E-01   5.69019E+01
 3.90089E-01   5.63734E+01
 3.91640E-01   5.58828E+01
 3.93105E-01   5.54111E+01
 3.94524E-01   5.49743E+01
 3.95853E-01   5.45587E+01
 3.97131E-01   5.41752E+01
 3.98311E-01   5.38153E+01
 3.99437E-01   5.34846E+01
 4.00458E-01   5.31796E+01
 4.01420E-01   5.29023E+01
 4.02279E-01   5.26505E+01
 4.03061E-01   5.24271E+01
 4.03755E-01   5.22281E+01
 4.04355E-01   5.20575E+01
 4.04868E-01   5.19123E+01
 4.05290E-01   5.17935E+01
 4.05615E-01   5.17017E+01
 4.05854E-01   5.16350E+01
 4.05991E-01   5.15959E+01
 4.06043E-01   5.15821E+01
 4.05993E-01   5.15946E+01
 4.05854E-01   5.16344E+01
 4.05623E-01   5.16983E+01
 4.05292E-01   5.17913E+01
 4.04882E-01   5.19076E+01
 4.04368E-01   5.20528E+01
 4.03770E-01   5.22227E+01
 4.03083E-01   5.24200E+01
 4.02305E-01   5.26436E+01
 4.01444E-01   5.28939E+01
 4.00505E-01   5.31706E+01
 3.99467E-01   5.34748E+01
 3.98379E-01   5.38051E+01
 3.97176E-01   5.41627E+01
 3.95941E-01   5.45488E+01
 3.94591E-01   5.49585E+01
 3.93214E-01   5.54022E+01
 3.91729E-01   5.58645E+01
 3.90222E-01   5.63659E+01
 3.88616E-01   5.68817E+01
 3.86993E-01   5.74419E+01
 3.85279E-01   5.80106E+01
 3.83555E-01   5.86312E+01
 3.81747E-01   5.92530E+01
 3.79931E-01   5.99343E+01
 3.78058E-01   6.06113E+01
 3.76153E-01   6.13514E+01
 3.74241E-01   6.20870E+01
 3.72260E-01   6.28837E+01
 3.70327E-01   6.36795E+01
 3.68294E-01   6.45310E+01
 3.66359E-01   6.53893E+01
 3.64295E-01   6.62922E+01
 3.62379E-01   6.72161E+01
 3.60307E-01   6.81660E+01
 3.58424E-01   6.91581E+01
 3.56389E-01   7.01515E+01
 3.54539E-01   7.12113E+01
 3.52588E-01   7.22483E+01
 3.50776E-01   7.33710E+01
 3.48951E-01   7.44554E+01
 3.47184E-01   7.56341E+01
 3.45516E-01   7.67718E+01
 3.43809E-01   7.79981E+01
 3.42316E-01   7.91971E+01
 3.40690E-01   8.04617E+01
 3.39378E-01   8.17305E+01
 3.37869E-01   8.30250E+01
 3.36718E-01   8.43679E+01
 3.35383E-01   8.56900E+01
 3.34354E-01   8.71007E+01
 3.33256E-01   8.84562E+01
 3.32323E-01   8.99176E+01
 3.31495E-01   9.13165E+01
 3.30671E-01   9.28033E+01
 3.30116E-01   9.42588E+01
 3.29440E-01   9.57461E+01
 3.29138E-01   9.72632E+01
 3.28676E-01   9.87414E+01
 3.28581E-01   1.00308E+02
 3.28409E-01   1.01791E+02
 3.28477E-01   1.03379E+02
 3.28637E-01   1.04895E+02
 3.28864E-01   1.06472E+02
 3.29338E-01   1.08042E+02
 3.29759E-01   1.09590E+02
 3.30487E-01   1.11208E+02
 3.31158E-01   1.12736E+02
 3.32068E-01   1.14362E+02
 3.33025E-01   1.15899E+02
 3.34085E-01   1.17488E+02
 3.35312E-01   1.19059E+02
 3.36553E-01   1.20595E+02
 3.37992E-01   1.22194E+02
 3.39479E-01   1.23708E+02
 3.41064E-01   1.25299E+02
 3.42816E-01   1.26834E+02
 3.44540E-01   1.28382E+02
 3.46491E-01   1.29945E+02
 3.48414E-01   1.31444E+02
 3.50476E-01   1.32994E+02
 3.52648E-01   1.34472E+02
 3.54834E-01   1.35966E+02
 3.57218E-01   1.37450E+02
 3.59641E-01   1.38900E+02
 3.62129E-01   1.40383E+02
 3.64802E-01   1.41839E+02
 3.67350E-01   1.43298E+02
 3.70038E-01   1.44767E+02
 3.72731E-01   1.46194E+02
 3.75231E-01   1.47621E+02
 3.78112E-01   1.49026E+02
 3.80668E-01   1.50382E+02
 3.83597E-01   1.51762E+02
 3.86663E-01   1.53101E+02
 3.89494E-01   1.54449E+02
 3.92944E-01   1.55824E+02
 3.95838E-01   1.57151E+02
 3.98932E-01   1.58518E+02
 4.02158E-01   1.59843E+02
 4.04741E-01   1.61129E+02
 4.08133E-01   1.62442E+02
 4.11061E-01   1.63687E+02
 4.14179E-01   1.64967E+02
 4.17788E-01   1.66259E+02
 4.20738E-01   1.67519E+02
 4.24084E-01   1.68818E+02
 4.27337E-01   1.70068E+02
 4.30110E-01   1.71282E+02
 4.33395E-01   1.72498E+02
 4.36627E-01   1.73678E+02
 4.39482E-01   1.74870E+02
 4.43155E-01   1.76120E+02
 4.46209E-01   1.77328E+02
 4.49179E-01   1.78571E+02
 4.52882E-01   1.79782E+02
 4.55653E-01   1.80915E+02
 4.58959E-01   1.82105E+02
 4.62407E-01   1.83239E+02
 4.65048E-01   1.84408E+02
 4.68128E-01   1.85606E+02
 4.71189E-01   1.86736E+02
 4.73777E-01   1.87875E+02
 4.77007E-01   1.89006E+02
 4.80351E-01   1.90142E+02
 4.83122E-01   1.91309E+02
 4.86437E-01   1.92491E+02
 4.89316E-01   1.93627E+02
 4.91967E-01   1.94695E+02
 4.95115E-01   1.95819E+02
 4.98307E-01   1.96942E+02
 5.01411E-01   1.98028E+02
 5.04173E-01   1.99216E+02
 5.06644E-01   2.00312E+02
 5.08820E-01   2.01331E+02
 5.11396E-01   2.02513E+02
 5.14769E-01   2.03642E+02
 5.18127E-01   2.04705E+02
 5.20465E-01   2.05813E+02
 5.22287E-01   2.06878E+02
 5.25144E-01   2.07948E+02
