/rn,a,b/nx0/ls1
283 -0.282 0.282 0 OUTPUT_AMP_PHASE Wavelength=0.564
 7.50131E-01   3.40882E+01
 7.50847E-01   3.35413E+01
 7.51406E-01   3.25328E+01
 7.48791E-01   3.16445E+01
 7.45814E-01   3.08231E+01
 7.44057E-01   2.99157E+01
 7.43554E-01   2.89634E+01
 7.42062E-01   2.82133E+01
 7.42323E-01   2.74087E+01
 7.39277E-01   2.62975E+01
 7.36704E-01   2.56156E+01
 7.35113E-01   2.47715E+01
 7.33833E-01   2.39162E+01
 7.33812E-01   2.30472E+01
 7.29871E-01   2.23800E+01
 7.30829E-01   2.12905E+01
 7.25075E-01   2.05378E+01
 7.24715E-01   1.97322E+01
 7.23168E-01   1.88456E+01
 7.20624E-01   1.80153E+01
 7.19069E-01   1.73947E+01
 7.17281E-01   1.63122E+01
 7.13045E-01   1.57372E+01
 7.11430E-01   1.48343E+01
 7.10219E-01   1.40195E+01
 7.06214E-01   1.32916E+01
 7.07632E-01   1.24464E+01
 7.03334E-01   1.16634E+01
 7.00828E-01   1.08596E+01
 6.99023E-01   1.01834E+01
 6.92852E-01   9.25898E+00
 6.92578E-01   8.71031E+00
 6.87616E-01   7.76114E+00
 6.87280E-01   7.05833E+00
 6.83436E-01   6.28993E+00
 6.82806E-01   5.43730E+00
 6.77608E-01   4.76115E+00
 6.76110E-01   4.02718E+00
 6.71169E-01   3.24819E+00
 6.68000E-01   2.65623E+00
 6.65863E-01   1.81109E+00
 6.61545E-01   1.16808E+00
 6.60631E-01   3.86344E-01
 6.56499E-01   3.59670E+02
 6.53775E-01   3.58918E+02
 6.50236E-01   3.58274E+02
 6.45949E-01   3.57463E+02
 6.42114E-01   3.56907E+02
 6.38828E-01   3.56101E+02
 6.33646E-01   3.55483E+02
 6.32455E-01   3.54824E+02
 6.25646E-01   3.54052E+02
 6.25400E-01   3.53560E+02
 6.17657E-01   3.52715E+02
 6.16921E-01   3.52260E+02
 6.09466E-01   3.51476E+02
 6.07731E-01   3.50935E+02
 6.01499E-01   3.50259E+02
 5.98791E-01   3.49619E+02
 5.93767E-01   3.49008E+02
 5.90154E-01   3.48334E+02
 5.85483E-01   3.47733E+02
 5.81095E-01   3.47082E+02
 5.76115E-01   3.46481E+02
 5.70991E-01   3.45869E+02
 5.66141E-01   3.45291E+02
 5.59936E-01   3.44705E+02
 5.56488E-01   3.44171E+02
 5.48544E-01   3.43585E+02
 5.47374E-01   3.43097E+02
 5.37466E-01   3.42485E+02
 5.37956E-01   3.42032E+02
 5.26982E-01   3.41379E+02
 5.27147E-01   3.40937E+02
 5.16884E-01   3.40270E+02
 5.14643E-01   3.39800E+02
 5.06700E-01   3.39180E+02
 5.01157E-01   3.38646E+02
 4.96043E-01   3.38137E+02
 4.87785E-01   3.37524E+02
 4.84758E-01   3.37160E+02
 4.75256E-01   3.36486E+02
 4.72891E-01   3.36250E+02
 4.63554E-01   3.35547E+02
 4.60592E-01   3.35388E+02
 4.52057E-01   3.34688E+02
 4.48002E-01   3.34551E+02
 4.40032E-01   3.33865E+02
 4.35153E-01   3.33714E+02
 4.27033E-01   3.33041E+02
 4.21963E-01   3.32871E+02
 4.13038E-01   3.32198E+02
 4.08323E-01   3.32024E+02
 3.98349E-01   3.31339E+02
 3.94176E-01   3.31180E+02
 3.83363E-01   3.30495E+02
 3.79552E-01   3.30348E+02
 3.68386E-01   3.29693E+02
 3.64514E-01   3.29537E+02
 3.53570E-01   3.28957E+02
 3.49134E-01   3.28759E+02
 3.38924E-01   3.28294E+02
 3.33503E-01   3.28021E+02
 3.24310E-01   3.27698E+02
 3.17730E-01   3.27325E+02
 3.09539E-01   3.27152E+02
 3.01898E-01   3.26678E+02
 2.94422E-01   3.26634E+02
 2.86032E-01   3.26090E+02
 2.78880E-01   3.26120E+02
 2.70076E-01   3.25563E+02
 2.62967E-01   3.25603E+02
 2.53935E-01   3.25092E+02
 2.46752E-01   3.25088E+02
 2.37547E-01   3.24660E+02
 2.30256E-01   3.24593E+02
 2.20916E-01   3.24248E+02
 2.13488E-01   3.24135E+02
 2.04068E-01   3.23856E+02
 1.96483E-01   3.23707E+02
 1.87027E-01   3.23503E+02
 1.79257E-01   3.23293E+02
 1.69829E-01   3.23201E+02
 1.61814E-01   3.22897E+02
 1.52497E-01   3.22936E+02
 1.44179E-01   3.22545E+02
 1.35044E-01   3.22692E+02
 1.26388E-01   3.22242E+02
 1.17483E-01   3.22480E+02
 1.08467E-01   3.21973E+02
 9.98053E-02   3.22312E+02
 9.04855E-02   3.21730E+02
 8.20005E-02   3.22185E+02
 7.24720E-02   3.21521E+02
 6.40878E-02   3.22083E+02
 5.44102E-02   3.21363E+02
 4.61069E-02   3.22009E+02
 3.63091E-02   3.21235E+02
 2.80724E-02   3.22018E+02
 1.82180E-02   3.20983E+02
 9.98691E-03   3.22515E+02
 2.30026E-04   2.72785E+02
 8.12137E-03   1.40412E+02
 1.79106E-02   1.42180E+02
 2.61976E-02   1.41194E+02
 3.59779E-02   1.41997E+02
 4.42266E-02   1.41350E+02
 5.40151E-02   1.42051E+02
 6.22127E-02   1.41444E+02
 7.19700E-02   1.42195E+02
 8.01678E-02   1.41556E+02
 8.98075E-02   1.42375E+02
 9.81122E-02   1.41720E+02
 1.07498E-01   1.42546E+02
 1.16044E-01   1.41963E+02
 1.25029E-01   1.42702E+02
 1.33915E-01   1.42285E+02
 1.42437E-01   1.42864E+02
 1.51664E-01   1.42648E+02
 1.59761E-01   1.43068E+02
 1.69278E-01   1.43030E+02
 1.76984E-01   1.43327E+02
 1.86763E-01   1.43435E+02
 1.94098E-01   1.43629E+02
 2.04098E-01   1.43877E+02
 2.11116E-01   1.43972E+02
 2.21255E-01   1.44359E+02
 2.28048E-01   1.44356E+02
 2.38207E-01   1.44879E+02
 2.44912E-01   1.44786E+02
 2.54917E-01   1.45432E+02
 2.61703E-01   1.45269E+02
 2.71347E-01   1.46005E+02
 2.78399E-01   1.45821E+02
 2.87434E-01   1.46575E+02
 2.95008E-01   1.46453E+02
 3.03083E-01   1.47126E+02
 3.11511E-01   1.47153E+02
 3.18248E-01   1.47662E+02
 3.27813E-01   1.47895E+02
 3.32961E-01   1.48196E+02
 3.43750E-01   1.48651E+02
 3.47326E-01   1.48745E+02
 3.59107E-01   1.49395E+02
 3.61535E-01   1.49329E+02
 3.73655E-01   1.50112E+02
 3.75833E-01   1.49973E+02
 3.87309E-01   1.50800E+02
 3.90300E-01   1.50699E+02
 4.00256E-01   1.51479E+02
 4.04803E-01   1.51515E+02
 4.12893E-01   1.52190E+02
 4.19094E-01   1.52406E+02
 4.25709E-01   1.52984E+02
 4.32885E-01   1.53340E+02
 4.39060E-01   1.53896E+02
 4.45978E-01   1.54280E+02
 4.52964E-01   1.54915E+02
 4.58400E-01   1.55212E+02
 4.67033E-01   1.55980E+02
 4.70402E-01   1.56151E+02
 4.80554E-01   1.57007E+02
 4.82410E-01   1.57134E+02
 4.92769E-01   1.57933E+02
 4.94817E-01   1.58187E+02
 5.03339E-01   1.58771E+02
 5.07633E-01   1.59297E+02
 5.12721E-01   1.59613E+02
 5.20332E-01   1.60403E+02
 5.21996E-01   1.60586E+02
 5.32208E-01   1.61438E+02
 5.32141E-01   1.61753E+02
 5.42876E-01   1.62401E+02
 5.43369E-01   1.63039E+02
 5.52541E-01   1.63387E+02
 5.54931E-01   1.64295E+02
 5.61735E-01   1.64514E+02
 5.65701E-01   1.65433E+02
 5.70856E-01   1.65815E+02
 5.75231E-01   1.66514E+02
 5.79888E-01   1.67184E+02
 5.84145E-01   1.67673E+02
 5.88694E-01   1.68469E+02
 5.93431E-01   1.68961E+02
 5.97438E-01   1.69632E+02
 6.03306E-01   1.70281E+02
 6.06286E-01   1.70790E+02
 6.12911E-01   1.71536E+02
 6.14744E-01   1.72073E+02
 6.21330E-01   1.72786E+02
 6.21974E-01   1.73464E+02
 6.28549E-01   1.74151E+02
 6.28326E-01   1.74854E+02
 6.35211E-01   1.75583E+02
 6.35743E-01   1.76219E+02
 6.41873E-01   1.76902E+02
 6.45102E-01   1.77627E+02
 6.49044E-01   1.78131E+02
 6.53938E-01   1.79074E+02
 6.57095E-01   1.79525E+02
 6.59628E-01   1.80458E+02
 6.65086E-01   1.81127E+02
 6.64259E-01   1.81794E+02
 6.70943E-01   1.82640E+02
 6.71774E-01   1.83249E+02
 6.74659E-01   1.83974E+02
 6.80656E-01   1.84853E+02
 6.79237E-01   1.85434E+02
 6.86205E-01   1.86406E+02
 6.85805E-01   1.87062E+02
 6.89771E-01   1.87815E+02
 6.91637E-01   1.88513E+02
 6.95890E-01   1.89278E+02
 6.96273E-01   1.89885E+02
 7.02053E-01   1.90914E+02
 7.02424E-01   1.91587E+02
 7.04732E-01   1.92514E+02
 7.08518E-01   1.93393E+02
 7.08740E-01   1.93955E+02
 7.11770E-01   1.94943E+02
 7.15970E-01   1.95501E+02
 7.15639E-01   1.96473E+02
 7.19868E-01   1.97266E+02
 7.20719E-01   1.98064E+02
 7.21446E-01   1.98939E+02
 7.23178E-01   1.99644E+02
 7.27162E-01   2.00514E+02
 7.27047E-01   2.01460E+02
 7.32056E-01   2.02218E+02
 7.32970E-01   2.03205E+02
 7.32736E-01   2.03907E+02
 7.35805E-01   2.04663E+02
 7.37466E-01   2.05633E+02
 7.40655E-01   2.06419E+02
 7.42166E-01   2.07296E+02
 7.44171E-01   2.08322E+02
 7.41523E-01   2.08875E+02
 7.43764E-01   2.09954E+02
 7.46820E-01   2.10770E+02
 7.49034E-01   2.11645E+02
 7.50807E-01   2.12551E+02
 7.50052E-01   2.13382E+02
 7.50463E-01   2.14312E+02
