/rn,a,b/nx0/ls1
283 -0.282 0.282 0 OUTPUT_AMP_PHASE Wavelength=0.564
 5.52283E-01   5.34142E+01
 5.53996E-01   5.26647E+01
 5.55623E-01   5.18287E+01
 5.56685E-01   5.09995E+01
 5.57465E-01   5.02409E+01
 5.58112E-01   4.94423E+01
 5.59468E-01   4.85933E+01
 5.61052E-01   4.78064E+01
 5.62014E-01   4.70333E+01
 5.62334E-01   4.62278E+01
 5.62923E-01   4.54850E+01
 5.63831E-01   4.47041E+01
 5.65096E-01   4.38827E+01
 5.66885E-01   4.31132E+01
 5.67407E-01   4.23472E+01
 5.67426E-01   4.15692E+01
 5.67934E-01   4.08003E+01
 5.68116E-01   4.00648E+01
 5.69013E-01   3.93052E+01
 5.70234E-01   3.85659E+01
 5.70739E-01   3.78496E+01
 5.71055E-01   3.70671E+01
 5.71453E-01   3.63383E+01
 5.71485E-01   3.55959E+01
 5.71790E-01   3.48489E+01
 5.72608E-01   3.41454E+01
 5.72723E-01   3.34098E+01
 5.73053E-01   3.26880E+01
 5.73370E-01   3.19796E+01
 5.72860E-01   3.12764E+01
 5.73064E-01   3.05835E+01
 5.73079E-01   2.99153E+01
 5.72767E-01   2.92120E+01
 5.73177E-01   2.85192E+01
 5.72849E-01   2.78194E+01
 5.72432E-01   2.71017E+01
 5.72315E-01   2.64368E+01
 5.71449E-01   2.57536E+01
 5.71032E-01   2.51051E+01
 5.70765E-01   2.44615E+01
 5.69979E-01   2.37971E+01
 5.69871E-01   2.31532E+01
 5.69200E-01   2.24918E+01
 5.68269E-01   2.18447E+01
 5.67698E-01   2.12163E+01
 5.66213E-01   2.05902E+01
 5.65233E-01   1.99792E+01
 5.64083E-01   1.93681E+01
 5.62611E-01   1.87442E+01
 5.61794E-01   1.81248E+01
 5.60265E-01   1.74943E+01
 5.59055E-01   1.68714E+01
 5.57694E-01   1.62632E+01
 5.55827E-01   1.56656E+01
 5.54362E-01   1.50894E+01
 5.52294E-01   1.45252E+01
 5.50424E-01   1.39677E+01
 5.48539E-01   1.34141E+01
 5.46324E-01   1.28617E+01
 5.44441E-01   1.22983E+01
 5.42127E-01   1.17477E+01
 5.39843E-01   1.11825E+01
 5.37499E-01   1.06351E+01
 5.34718E-01   1.00908E+01
 5.32199E-01   9.54830E+00
 5.29163E-01   9.03435E+00
 5.26320E-01   8.50179E+00
 5.23277E-01   8.00644E+00
 5.20108E-01   7.49143E+00
 5.17078E-01   6.99848E+00
 5.13678E-01   6.50610E+00
 5.10487E-01   6.01060E+00
 5.06933E-01   5.53861E+00
 5.03417E-01   5.04958E+00
 4.99688E-01   4.58899E+00
 4.95831E-01   4.11805E+00
 4.91836E-01   3.66199E+00
 4.87730E-01   3.21198E+00
 4.83418E-01   2.76118E+00
 4.79131E-01   2.32613E+00
 4.74537E-01   1.88667E+00
 4.70058E-01   1.45910E+00
 4.65268E-01   1.03767E+00
 4.60512E-01   6.14163E-01
 4.55610E-01   2.13607E-01
 4.50488E-01   3.59797E+02
 4.45496E-01   3.59414E+02
 4.39990E-01   3.59012E+02
 4.34841E-01   3.58640E+02
 4.29017E-01   3.58260E+02
 4.23603E-01   3.57892E+02
 4.17566E-01   3.57537E+02
 4.11794E-01   3.57172E+02
 4.05629E-01   3.56838E+02
 3.99460E-01   3.56479E+02
 3.93195E-01   3.56160E+02
 3.86651E-01   3.55814E+02
 3.80265E-01   3.55504E+02
 3.73399E-01   3.55176E+02
 3.66850E-01   3.54872E+02
 3.59718E-01   3.54566E+02
 3.52955E-01   3.54268E+02
 3.45621E-01   3.53983E+02
 3.38582E-01   3.53693E+02
 3.31103E-01   3.53428E+02
 3.23748E-01   3.53149E+02
 3.16147E-01   3.52901E+02
 3.08476E-01   3.52637E+02
 3.00741E-01   3.52402E+02
 2.92789E-01   3.52158E+02
 2.84887E-01   3.51934E+02
 2.76697E-01   3.51708E+02
 2.68610E-01   3.51494E+02
 2.60202E-01   3.51287E+02
 2.51932E-01   3.51083E+02
 2.43326E-01   3.50895E+02
 2.34866E-01   3.50700E+02
 2.26092E-01   3.50530E+02
 2.17439E-01   3.50346E+02
 2.08521E-01   3.50193E+02
 1.99676E-01   3.50022E+02
 1.90630E-01   3.49883E+02
 1.81609E-01   3.49725E+02
 1.72441E-01   3.49602E+02
 1.63264E-01   3.49458E+02
 1.53980E-01   3.49349E+02
 1.44664E-01   3.49219E+02
 1.35281E-01   3.49124E+02
 1.25836E-01   3.49010E+02
 1.16367E-01   3.48930E+02
 1.06814E-01   3.48832E+02
 9.72612E-02   3.48762E+02
 8.76289E-02   3.48685E+02
 7.79957E-02   3.48624E+02
 6.83018E-02   3.48564E+02
 5.86092E-02   3.48521E+02
 4.88616E-02   3.48471E+02
 3.91291E-02   3.48450E+02
 2.93470E-02   3.48412E+02
 1.95808E-02   3.48405E+02
 9.78910E-03   3.48397E+02
 2.39022E-06   1.40275E+02
 9.78505E-03   1.68373E+02
 1.95830E-02   1.68396E+02
 2.93457E-02   1.68404E+02
 3.91285E-02   1.68447E+02
 4.88612E-02   1.68464E+02
 5.86091E-02   1.68521E+02
 6.83002E-02   1.68559E+02
 7.79963E-02   1.68623E+02
 8.76274E-02   1.68681E+02
 9.72618E-02   1.68761E+02
 1.06811E-01   1.68830E+02
 1.16370E-01   1.68929E+02
 1.25832E-01   1.69008E+02
 1.35284E-01   1.69124E+02
 1.44663E-01   1.69218E+02
 1.53980E-01   1.69348E+02
 1.63265E-01   1.69457E+02
 1.72440E-01   1.69602E+02
 1.81610E-01   1.69726E+02
 1.90630E-01   1.69884E+02
 1.99679E-01   1.70023E+02
 2.08519E-01   1.70194E+02
 2.17445E-01   1.70349E+02
 2.26088E-01   1.70531E+02
 2.34875E-01   1.70704E+02
 2.43321E-01   1.70896E+02
 2.51943E-01   1.71087E+02
 2.60197E-01   1.71288E+02
 2.68625E-01   1.71498E+02
 2.76691E-01   1.71709E+02
 2.84901E-01   1.71937E+02
 2.92788E-01   1.72159E+02
 3.00750E-01   1.72405E+02
 3.08479E-01   1.72638E+02
 3.16148E-01   1.72901E+02
 3.23756E-01   1.73150E+02
 3.31095E-01   1.73426E+02
 3.38593E-01   1.73693E+02
 3.45604E-01   1.73980E+02
 3.52966E-01   1.74267E+02
 3.59693E-01   1.74563E+02
 3.66856E-01   1.74872E+02
 3.73372E-01   1.75174E+02
 3.80260E-01   1.75503E+02
 3.86632E-01   1.75814E+02
 3.93179E-01   1.76159E+02
 3.99455E-01   1.76481E+02
 4.05604E-01   1.76837E+02
 4.11802E-01   1.77174E+02
 4.17541E-01   1.77537E+02
 4.23618E-01   1.77893E+02
 4.29001E-01   1.78261E+02
 4.34852E-01   1.78640E+02
 4.39988E-01   1.79012E+02
 4.45492E-01   1.79412E+02
 4.50502E-01   1.79796E+02
 4.55591E-01   1.80211E+02
 4.60530E-01   1.80612E+02
 4.65246E-01   1.81036E+02
 4.70068E-01   1.81457E+02
 4.74531E-01   1.81887E+02
 4.79134E-01   1.82325E+02
 4.83437E-01   1.82764E+02
 4.87740E-01   1.83213E+02
 4.91874E-01   1.83665E+02
 4.95868E-01   1.84122E+02
 4.99725E-01   1.84590E+02
 5.03473E-01   1.85053E+02
 5.06952E-01   1.85538E+02
 5.10521E-01   1.86012E+02
 5.13670E-01   1.86505E+02
 5.17038E-01   1.86996E+02
 5.20091E-01   1.87490E+02
 5.23159E-01   1.88002E+02
 5.26310E-01   1.88501E+02
 5.29051E-01   1.89032E+02
 5.32188E-01   1.89546E+02
 5.34727E-01   1.90091E+02
 5.37481E-01   1.90633E+02
 5.39981E-01   1.91183E+02
 5.42116E-01   1.91747E+02
 5.44572E-01   1.92297E+02
 5.46341E-01   1.92862E+02
 5.48521E-01   1.93414E+02
 5.50450E-01   1.93968E+02
 5.52149E-01   1.94528E+02
 5.54355E-01   1.95089E+02
 5.55738E-01   1.95668E+02
 5.57644E-01   1.96266E+02
 5.59127E-01   1.96870E+02
 5.60239E-01   1.97501E+02
 5.61911E-01   1.98123E+02
 5.62668E-01   1.98748E+02
 5.64088E-01   1.99371E+02
 5.65306E-01   1.99975E+02
 5.66138E-01   2.00595E+02
 5.67668E-01   2.01210E+02
 5.68241E-01   2.01842E+02
 5.69105E-01   2.02494E+02
 5.69887E-01   2.03148E+02
 5.69984E-01   2.03801E+02
 5.70769E-01   2.04463E+02
 5.71146E-01   2.05096E+02
 5.71484E-01   2.05755E+02
 5.72364E-01   2.06425E+02
 5.72503E-01   2.07094E+02
 5.72782E-01   2.07827E+02
 5.73170E-01   2.08518E+02
 5.72713E-01   2.09230E+02
 5.72989E-01   2.09931E+02
 5.73050E-01   2.10584E+02
 5.72820E-01   2.11279E+02
 5.73352E-01   2.11970E+02
 5.73065E-01   2.12673E+02
 5.72773E-01   2.13413E+02
 5.72644E-01   2.14154E+02
 5.71913E-01   2.14850E+02
 5.71562E-01   2.15611E+02
 5.71431E-01   2.16328E+02
 5.71008E-01   2.17046E+02
 5.70562E-01   2.17850E+02
 5.70102E-01   2.18558E+02
 5.69017E-01   2.19312E+02
 5.68251E-01   2.20085E+02
 5.68083E-01   2.20797E+02
 5.67448E-01   2.21556E+02
 5.67248E-01   2.22349E+02
 5.66625E-01   2.23113E+02
 5.65032E-01   2.23883E+02
 5.64074E-01   2.24723E+02
 5.63238E-01   2.25478E+02
 5.62510E-01   2.26204E+02
 5.61813E-01   2.27045E+02
 5.60663E-01   2.27810E+02
 5.59466E-01   2.28575E+02
 5.58252E-01   2.29453E+02
 5.57489E-01   2.30247E+02
 5.56840E-01   2.30993E+02
 5.55466E-01   2.31853E+02
 5.53604E-01   2.32675E+02
 5.52792E-01   2.33391E+02
