/rn,a,b/nx0/ls1
283 -0.282 0.282 0 OUTPUT_AMP_PHASE Wavelength=0.564
 8.68201E-02   1.18694E+02
 8.00175E-02   1.20512E+02
 8.32321E-02   1.23044E+02
 8.26050E-02   1.16504E+02
 8.18202E-02   1.17343E+02
 8.48807E-02   1.16174E+02
 8.50631E-02   1.15823E+02
 8.64083E-02   1.16286E+02
 8.53771E-02   1.14055E+02
 8.65667E-02   1.14243E+02
 8.74284E-02   1.11685E+02
 8.45016E-02   1.13099E+02
 8.78102E-02   1.13092E+02
 8.69805E-02   1.10922E+02
 8.57160E-02   1.10067E+02
 9.08553E-02   1.08774E+02
 8.82344E-02   1.07440E+02
 8.78060E-02   1.07931E+02
 9.10977E-02   1.07361E+02
 8.72142E-02   1.06313E+02
 9.09786E-02   1.04983E+02
 9.18744E-02   1.04587E+02
 9.10183E-02   1.03352E+02
 9.27065E-02   1.03333E+02
 9.11920E-02   1.03584E+02
 9.16687E-02   1.01078E+02
 9.16879E-02   1.02055E+02
 9.38987E-02   9.90048E+01
 9.38918E-02   9.97323E+01
 9.59426E-02   9.81232E+01
 9.54688E-02   9.85230E+01
 9.55009E-02   9.70721E+01
 9.49831E-02   9.69182E+01
 9.52271E-02   9.61010E+01
 9.54212E-02   9.44926E+01
 9.67183E-02   9.61555E+01
 9.78464E-02   9.27130E+01
 9.89321E-02   9.57155E+01
 9.94800E-02   9.16119E+01
 1.00229E-01   9.34466E+01
 9.94141E-02   9.05338E+01
 1.00179E-01   9.06145E+01
 9.98120E-02   8.97852E+01
 1.00090E-01   8.87332E+01
 1.01537E-01   8.94856E+01
 1.01626E-01   8.74871E+01
 1.02900E-01   8.88206E+01
 1.04150E-01   8.60893E+01
 1.02992E-01   8.72676E+01
 1.05206E-01   8.48730E+01
 1.03305E-01   8.52177E+01
 1.04089E-01   8.44331E+01
 1.05290E-01   8.33348E+01
 1.02971E-01   8.43732E+01
 1.08191E-01   8.19352E+01
 1.03985E-01   8.35724E+01
 1.10044E-01   8.10879E+01
 1.06779E-01   8.16622E+01
 1.10073E-01   8.07388E+01
 1.09414E-01   7.94652E+01
 1.09448E-01   8.04957E+01
 1.10655E-01   7.79725E+01
 1.09733E-01   7.96958E+01
 1.11015E-01   7.74531E+01
 1.11213E-01   7.80406E+01
 1.11753E-01   7.73511E+01
 1.12858E-01   7.59852E+01
 1.13304E-01   7.68663E+01
 1.13553E-01   7.42868E+01
 1.15009E-01   7.56697E+01
 1.13279E-01   7.33591E+01
 1.16040E-01   7.40489E+01
 1.13135E-01   7.30225E+01
 1.16182E-01   7.25494E+01
 1.14264E-01   7.27297E+01
 1.15942E-01   7.15530E+01
 1.16831E-01   7.20656E+01
 1.16079E-01   7.10649E+01
 1.19961E-01   7.10412E+01
 1.17010E-01   7.07676E+01
 1.22426E-01   6.99562E+01
 1.18592E-01   7.02799E+01
 1.23476E-01   6.90863E+01
 1.20297E-01   6.94166E+01
 1.23220E-01   6.84940E+01
 1.21634E-01   6.82454E+01
 1.22400E-01   6.80552E+01
 1.22438E-01   6.69698E+01
 1.21861E-01   6.75856E+01
 1.22908E-01   6.57970E+01
 1.22116E-01   6.69549E+01
 1.23422E-01   6.48684E+01
 1.23222E-01   6.61340E+01
 1.24290E-01   6.42323E+01
 1.24854E-01   6.52004E+01
 1.25665E-01   6.38397E+01
 1.26526E-01   6.42725E+01
 1.27483E-01   6.35666E+01
 1.27869E-01   6.34488E+01
 1.29483E-01   6.32977E+01
 1.28735E-01   6.27626E+01
 1.31353E-01   6.29664E+01
 1.29171E-01   6.21991E+01
 1.32847E-01   6.25479E+01
 1.29349E-01   6.17257E+01
 1.33846E-01   6.20405E+01
 1.29468E-01   6.13117E+01
 1.34337E-01   6.14651E+01
 1.29679E-01   6.09216E+01
 1.34413E-01   6.08656E+01
 1.30069E-01   6.05189E+01
 1.34219E-01   6.02901E+01
 1.30668E-01   6.00914E+01
 1.33880E-01   5.97636E+01
 1.31460E-01   5.96522E+01
 1.33516E-01   5.92954E+01
 1.32360E-01   5.92199E+01
 1.33232E-01   5.88887E+01
 1.33281E-01   5.88137E+01
 1.33081E-01   5.85412E+01
 1.34165E-01   5.84454E+01
 1.33067E-01   5.82452E+01
 1.34969E-01   5.81156E+01
 1.33188E-01   5.79972E+01
 1.35674E-01   5.78238E+01
 1.33403E-01   5.78010E+01
 1.36277E-01   5.75616E+01
 1.33664E-01   5.76571E+01
 1.36780E-01   5.73223E+01
 1.33952E-01   5.75559E+01
 1.37181E-01   5.71092E+01
 1.34261E-01   5.74823E+01
 1.37464E-01   5.69295E+01
 1.34580E-01   5.74323E+01
 1.37635E-01   5.67852E+01
 1.34878E-01   5.73995E+01
 1.37731E-01   5.66776E+01
 1.35104E-01   5.73721E+01
 1.37804E-01   5.66111E+01
 1.35229E-01   5.73467E+01
 1.37852E-01   5.65871E+01
 1.35274E-01   5.73356E+01
 1.37839E-01   5.65880E+01
 1.35257E-01   5.73481E+01
 1.37778E-01   5.66113E+01
 1.35137E-01   5.73808E+01
 1.37715E-01   5.66679E+01
 1.34903E-01   5.74242E+01
 1.37635E-01   5.67606E+01
 1.34595E-01   5.74731E+01
 1.37480E-01   5.68937E+01
 1.34258E-01   5.75364E+01
 1.37218E-01   5.70636E+01
 1.33927E-01   5.76249E+01
 1.36840E-01   5.72617E+01
 1.33613E-01   5.77488E+01
 1.36369E-01   5.74831E+01
 1.33310E-01   5.79104E+01
 1.35816E-01   5.77332E+01
 1.33040E-01   5.81170E+01
 1.35168E-01   5.80173E+01
 1.32868E-01   5.83763E+01
 1.34403E-01   5.83398E+01
 1.32854E-01   5.86772E+01
 1.33530E-01   5.87117E+01
 1.33008E-01   5.90159E+01
 1.32595E-01   5.91356E+01
 1.33327E-01   5.93993E+01
 1.31653E-01   5.95984E+01
 1.33758E-01   5.98309E+01
 1.30778E-01   6.00811E+01
 1.34202E-01   6.03089E+01
 1.30047E-01   6.05644E+01
 1.34532E-01   6.08273E+01
 1.29498E-01   6.10280E+01
 1.34586E-01   6.13675E+01
 1.29128E-01   6.14700E+01
 1.34187E-01   6.18951E+01
 1.28890E-01   6.19067E+01
 1.33203E-01   6.23855E+01
 1.28682E-01   6.23629E+01
 1.31624E-01   6.28233E+01
 1.28329E-01   6.28740E+01
 1.29587E-01   6.31978E+01
 1.27668E-01   6.34928E+01
 1.27382E-01   6.35145E+01
 1.26610E-01   6.42563E+01
 1.25415E-01   6.38239E+01
 1.25214E-01   6.51475E+01
 1.24026E-01   6.42355E+01
 1.23745E-01   6.60817E+01
 1.23310E-01   6.48688E+01
 1.22589E-01   6.69341E+01
 1.23069E-01   6.57928E+01
 1.22048E-01   6.75948E+01
 1.22844E-01   6.69931E+01
 1.22165E-01   6.80501E+01
 1.22068E-01   6.83474E+01
 1.22650E-01   6.84148E+01
 1.20435E-01   6.96281E+01
 1.22910E-01   6.89127E+01
 1.18176E-01   7.05639E+01
 1.22302E-01   6.97382E+01
 1.16069E-01   7.09994E+01
 1.20534E-01   7.08883E+01
 1.15031E-01   7.10885E+01
 1.17904E-01   7.20829E+01
 1.15421E-01   7.13041E+01
 1.15184E-01   7.29232E+01
 1.16587E-01   7.21337E+01
 1.13200E-01   7.32481E+01
 1.17173E-01   7.36795E+01
 1.12324E-01   7.34141E+01
 1.16157E-01   7.55274E+01
 1.12225E-01   7.41261E+01
 1.13739E-01   7.69729E+01
 1.12202E-01   7.58057E+01
 1.11292E-01   7.75472E+01
 1.11796E-01   7.80955E+01
 1.10181E-01   7.75691E+01
 1.10996E-01   8.00437E+01
 1.10179E-01   7.80147E+01
 1.10077E-01   8.09051E+01
 1.09549E-01   7.95289E+01
 1.09375E-01   8.08593E+01
 1.07152E-01   8.17048E+01
 1.08820E-01   8.08539E+01
 1.04104E-01   8.34238E+01
 1.07852E-01   8.17034E+01
 1.02804E-01   8.40421E+01
 1.06109E-01   8.34471E+01
 1.03986E-01   8.42589E+01
 1.04047E-01   8.55327E+01
 1.05348E-01   8.50748E+01
 1.02613E-01   8.73105E+01
 1.04371E-01   8.63430E+01
 1.02137E-01   8.84020E+01
 1.01695E-01   8.74025E+01
 1.01835E-01   8.89572E+01
 1.00035E-01   8.86733E+01
 1.00941E-01   8.95459E+01
 1.00212E-01   9.12129E+01
 9.97648E-02   9.04986E+01
 1.00317E-01   9.42031E+01
 9.87334E-02   9.16322E+01
 9.86529E-02   9.54333E+01
 9.73928E-02   9.30947E+01
 9.62270E-02   9.49495E+01
 9.58154E-02   9.52365E+01
 9.51585E-02   9.55320E+01
 9.50958E-02   9.70127E+01
 9.58348E-02   9.75724E+01
 9.49677E-02   9.76254E+01
 9.60085E-02   9.84776E+01
 9.40010E-02   9.94416E+01
 9.37979E-02   9.87628E+01
 9.24393E-02   1.03103E+02
 9.19108E-02   1.01190E+02
 9.08782E-02   1.03751E+02
 9.26484E-02   1.03965E+02
 9.00716E-02   1.02143E+02
 9.13653E-02   1.04379E+02
 9.11822E-02   1.05450E+02
 8.77907E-02   1.05175E+02
 9.14910E-02   1.08605E+02
 8.86880E-02   1.08256E+02
 8.78027E-02   1.06482E+02
 9.01668E-02   1.09919E+02
 8.65476E-02   1.09648E+02
 8.64876E-02   1.10067E+02
 8.84657E-02   1.13764E+02
 8.46876E-02   1.12579E+02
 8.65312E-02   1.10784E+02
 8.60482E-02   1.15261E+02
 8.54216E-02   1.14007E+02
 8.69675E-02   1.16097E+02
 8.42723E-02   1.15959E+02
 8.50627E-02   1.16181E+02
 8.27521E-02   1.17657E+02
 8.22323E-02   1.16891E+02
 8.32793E-02   1.22905E+02
 8.12789E-02   1.19592E+02
 8.58173E-02   1.19293E+02
