/rn,a,b/nx0/ls1
283 -0.282 0.282 0 OUTPUT_AMP_PHASE Wavelength=0.564
 6.47069E-02   1.16515E+02
 6.39417E-02   1.16880E+02
 6.41421E-02   1.17327E+02
 6.48242E-02   1.15014E+02
 6.49672E-02   1.13830E+02
 6.60598E-02   1.13550E+02
 6.66919E-02   1.13000E+02
 6.71360E-02   1.12560E+02
 6.74330E-02   1.11596E+02
 6.80759E-02   1.10713E+02
 6.87934E-02   1.09632E+02
 6.84984E-02   1.09564E+02
 6.94988E-02   1.09497E+02
 6.98492E-02   1.08063E+02
 6.99402E-02   1.07383E+02
 7.17188E-02   1.06438E+02
 7.15363E-02   1.05573E+02
 7.17801E-02   1.05544E+02
 7.28025E-02   1.04922E+02
 7.25926E-02   1.04199E+02
 7.37619E-02   1.03244E+02
 7.48049E-02   1.02610E+02
 7.49827E-02   1.01805E+02
 7.55367E-02   1.01376E+02
 7.57511E-02   1.00946E+02
 7.57487E-02   9.99471E+01
 7.65860E-02   9.95465E+01
 7.73938E-02   9.87215E+01
 7.82027E-02   9.82520E+01
 7.91842E-02   9.78928E+01
 7.95816E-02   9.72947E+01
 7.99957E-02   9.66206E+01
 8.01757E-02   9.59115E+01
 8.06514E-02   9.51442E+01
 8.10846E-02   9.44800E+01
 8.18530E-02   9.42180E+01
 8.27800E-02   9.35766E+01
 8.33621E-02   9.32945E+01
 8.43000E-02   9.26143E+01
 8.46440E-02   9.18048E+01
 8.50845E-02   9.12266E+01
 8.55078E-02   9.03984E+01
 8.58123E-02   8.99690E+01
 8.63944E-02   8.95958E+01
 8.71247E-02   8.91193E+01
 8.78426E-02   8.88414E+01
 8.87213E-02   8.82414E+01
 8.95901E-02   8.76147E+01
 9.00143E-02   8.71087E+01
 9.08869E-02   8.62881E+01
 9.10087E-02   8.60073E+01
 9.16036E-02   8.53980E+01
 9.21369E-02   8.51270E+01
 9.24146E-02   8.48450E+01
 9.35513E-02   8.42979E+01
 9.38140E-02   8.41342E+01
 9.49447E-02   8.33719E+01
 9.54975E-02   8.30791E+01
 9.60420E-02   8.24554E+01
 9.68828E-02   8.19406E+01
 9.69983E-02   8.16770E+01
 9.78623E-02   8.10196E+01
 9.81909E-02   8.09646E+01
 9.88406E-02   8.03499E+01
 9.97335E-02   8.01579E+01
 1.00167E-01   7.97492E+01
 1.01327E-01   7.92404E+01
 1.01740E-01   7.90473E+01
 1.02583E-01   7.83544E+01
 1.03178E-01   7.82224E+01
 1.03423E-01   7.76275E+01
 1.04249E-01   7.73641E+01
 1.04154E-01   7.70453E+01
 1.05079E-01   7.65757E+01
 1.05175E-01   7.64863E+01
 1.05990E-01   7.59093E+01
 1.06641E-01   7.58520E+01
 1.07211E-01   7.53545E+01
 1.08366E-01   7.51485E+01
 1.08705E-01   7.48605E+01
 1.09990E-01   7.44569E+01
 1.10235E-01   7.43683E+01
 1.11241E-01   7.38499E+01
 1.11557E-01   7.38367E+01
 1.12096E-01   7.33380E+01
 1.12572E-01   7.32542E+01
 1.12747E-01   7.28771E+01
 1.13365E-01   7.26375E+01
 1.13457E-01   7.24105E+01
 1.14125E-01   7.20225E+01
 1.14413E-01   7.19088E+01
 1.15032E-01   7.14500E+01
 1.15651E-01   7.13814E+01
 1.16172E-01   7.09504E+01
 1.17078E-01   7.08646E+01
 1.17521E-01   7.05326E+01
 1.18533E-01   7.03962E+01
 1.18974E-01   7.01836E+01
 1.19873E-01   6.99971E+01
 1.20398E-01   6.98791E+01
 1.21015E-01   6.96639E+01
 1.21681E-01   6.95938E+01
 1.21949E-01   6.93763E+01
 1.22760E-01   6.93071E+01
 1.22717E-01   6.91086E+01
 1.23628E-01   6.90072E+01
 1.23386E-01   6.88398E+01
 1.24314E-01   6.86917E+01
 1.24018E-01   6.85583E+01
 1.24873E-01   6.83663E+01
 1.24658E-01   6.82615E+01
 1.25362E-01   6.80412E+01
 1.25328E-01   6.79554E+01
 1.25827E-01   6.77266E+01
 1.26028E-01   6.76508E+01
 1.26299E-01   6.74320E+01
 1.26743E-01   6.73586E+01
 1.26791E-01   6.71645E+01
 1.27454E-01   6.70879E+01
 1.27305E-01   6.69279E+01
 1.28141E-01   6.68446E+01
 1.27829E-01   6.67230E+01
 1.28785E-01   6.66320E+01
 1.28351E-01   6.65482E+01
 1.29371E-01   6.64507E+01
 1.28855E-01   6.64014E+01
 1.29892E-01   6.62988E+01
 1.29328E-01   6.62797E+01
 1.30345E-01   6.61738E+01
 1.29755E-01   6.61800E+01
 1.30729E-01   6.60731E+01
 1.30129E-01   6.60994E+01
 1.31044E-01   6.59938E+01
 1.30443E-01   6.60362E+01
 1.31290E-01   6.59333E+01
 1.30692E-01   6.59887E+01
 1.31472E-01   6.58898E+01
 1.30871E-01   6.59551E+01
 1.31593E-01   6.58619E+01
 1.30979E-01   6.59350E+01
 1.31654E-01   6.58484E+01
 1.31016E-01   6.59288E+01
 1.31653E-01   6.58479E+01
 1.30981E-01   6.59366E+01
 1.31590E-01   6.58606E+01
 1.30874E-01   6.59582E+01
 1.31469E-01   6.58877E+01
 1.30694E-01   6.59935E+01
 1.31286E-01   6.59300E+01
 1.30445E-01   6.60435E+01
 1.31039E-01   6.59888E+01
 1.30129E-01   6.61100E+01
 1.30726E-01   6.60656E+01
 1.29751E-01   6.61946E+01
 1.30346E-01   6.61633E+01
 1.29318E-01   6.62992E+01
 1.29897E-01   6.62850E+01
 1.28839E-01   6.64255E+01
 1.29382E-01   6.64344E+01
 1.28327E-01   6.65763E+01
 1.28804E-01   6.66140E+01
 1.27799E-01   6.67543E+01
 1.28169E-01   6.68261E+01
 1.27270E-01   6.69603E+01
 1.27491E-01   6.70714E+01
 1.26757E-01   6.71946E+01
 1.26786E-01   6.73474E+01
 1.26270E-01   6.74561E+01
 1.26073E-01   6.76482E+01
 1.25810E-01   6.77409E+01
 1.25369E-01   6.79645E+01
 1.25363E-01   6.80426E+01
 1.24689E-01   6.82836E+01
 1.24894E-01   6.83538E+01
 1.24029E-01   6.85917E+01
 1.24352E-01   6.86667E+01
 1.23372E-01   6.88797E+01
 1.23672E-01   6.89745E+01
 1.22675E-01   6.91466E+01
 1.22793E-01   6.92744E+01
 1.21885E-01   6.94020E+01
 1.21685E-01   6.95695E+01
 1.20945E-01   6.96678E+01
 1.20362E-01   6.98693E+01
 1.19820E-01   6.99751E+01
 1.18902E-01   7.01892E+01
 1.18523E-01   7.03522E+01
 1.17438E-01   7.05482E+01
 1.17124E-01   7.08114E+01
 1.16121E-01   7.09663E+01
 1.15745E-01   7.13383E+01
 1.15051E-01   7.14566E+01
 1.14516E-01   7.18940E+01
 1.14227E-01   7.20175E+01
 1.13513E-01   7.24321E+01
 1.13514E-01   7.26306E+01
 1.12702E-01   7.29270E+01
 1.12691E-01   7.32627E+01
 1.11944E-01   7.33943E+01
 1.11561E-01   7.38730E+01
 1.11045E-01   7.38878E+01
 1.10094E-01   7.44251E+01
 1.09870E-01   7.44630E+01
 1.08479E-01   7.49066E+01
 1.08433E-01   7.51278E+01
 1.07038E-01   7.53498E+01
 1.06903E-01   7.58222E+01
 1.05997E-01   7.58373E+01
 1.05490E-01   7.64605E+01
 1.05277E-01   7.64660E+01
 1.04302E-01   7.70187E+01
 1.04506E-01   7.72795E+01
 1.03272E-01   7.75842E+01
 1.03311E-01   7.82121E+01
 1.02233E-01   7.82960E+01
 1.01677E-01   7.91043E+01
 1.01077E-01   7.92041E+01
 1.00013E-01   7.98171E+01
 9.98218E-02   8.01926E+01
 9.87678E-02   8.03851E+01
 9.85299E-02   8.10786E+01
 9.79149E-02   8.10378E+01
 9.72166E-02   8.18048E+01
 9.69288E-02   8.19790E+01
 9.58812E-02   8.24948E+01
 9.54147E-02   8.31188E+01
 9.45924E-02   8.32853E+01
 9.36784E-02   8.41073E+01
 9.34440E-02   8.41744E+01
 9.24129E-02   8.47511E+01
 9.23907E-02   8.51049E+01
 9.17558E-02   8.53527E+01
 9.12405E-02   8.61068E+01
 9.09956E-02   8.63494E+01
 8.98976E-02   8.71807E+01
 8.95369E-02   8.76445E+01
 8.85048E-02   8.81559E+01
 8.77656E-02   8.87168E+01
 8.72479E-02   8.89770E+01
 8.64611E-02   8.95065E+01
 8.61495E-02   8.99792E+01
 8.56451E-02   9.05948E+01
 8.51196E-02   9.13514E+01
 8.46808E-02   9.20636E+01
 8.40138E-02   9.26217E+01
 8.32868E-02   9.31845E+01
 8.26742E-02   9.34983E+01
 8.17942E-02   9.38868E+01
 8.12538E-02   9.45692E+01
 8.06466E-02   9.51155E+01
 8.01745E-02   9.60037E+01
 7.99593E-02   9.68169E+01
 7.93588E-02   9.70541E+01
 7.90996E-02   9.78735E+01
 7.82477E-02   9.81016E+01
 7.74271E-02   9.86278E+01
 7.68891E-02   9.99655E+01
 7.58926E-02   1.00129E+02
 7.56989E-02   1.01143E+02
 7.54524E-02   1.01577E+02
 7.46435E-02   1.01302E+02
 7.45990E-02   1.02459E+02
 7.38190E-02   1.03216E+02
 7.27931E-02   1.03920E+02
 7.29957E-02   1.05386E+02
 7.19740E-02   1.05657E+02
 7.13934E-02   1.05358E+02
 7.14364E-02   1.06683E+02
 7.00874E-02   1.07259E+02
 6.98491E-02   1.07832E+02
 6.96029E-02   1.09658E+02
 6.86298E-02   1.09455E+02
 6.84794E-02   1.09305E+02
 6.78362E-02   1.10880E+02
 6.75098E-02   1.11728E+02
 6.72821E-02   1.12431E+02
 6.65150E-02   1.13055E+02
 6.60413E-02   1.13584E+02
 6.53200E-02   1.13956E+02
 6.47592E-02   1.15167E+02
 6.41957E-02   1.17067E+02
 6.42488E-02   1.16747E+02
 6.43295E-02   1.16705E+02
