/rn,a,b/nx0/ls1
283 -0.282 0.282 0 OUTPUT_AMP_PHASE Wavelength=0.564
 0.00000E+00   0.00000E+00
 0.00000E+00   0.00000E+00
 0.00000E+00   0.00000E+00
 0.00000E+00   0.00000E+00
 0.00000E+00   0.00000E+00
 0.00000E+00   0.00000E+00
 0.00000E+00   0.00000E+00
 0.00000E+00   0.00000E+00
 0.00000E+00   0.00000E+00
 0.00000E+00   0.00000E+00
 0.00000E+00   0.00000E+00
 0.00000E+00   0.00000E+00
 0.00000E+00   0.00000E+00
 0.00000E+00   0.00000E+00
 0.00000E+00   0.00000E+00
 0.00000E+00   0.00000E+00
 0.00000E+00   0.00000E+00
 0.00000E+00   0.00000E+00
 0.00000E+00   0.00000E+00
 0.00000E+00   0.00000E+00
 0.00000E+00   0.00000E+00
 0.00000E+00   0.00000E+00
 0.00000E+00   0.00000E+00
 0.00000E+00   0.00000E+00
 0.00000E+00   0.00000E+00
 0.00000E+00   0.00000E+00
 0.00000E+00   0.00000E+00
 0.00000E+00   0.00000E+00
 0.00000E+00   0.00000E+00
 0.00000E+00   0.00000E+00
 0.00000E+00   0.00000E+00
 0.00000E+00   0.00000E+00
 0.00000E+00   0.00000E+00
 0.00000E+00   0.00000E+00
 0.00000E+00   0.00000E+00
 0.00000E+00   0.00000E+00
 0.00000E+00   0.00000E+00
 0.00000E+00   0.00000E+00
 0.00000E+00   0.00000E+00
 0.00000E+00   0.00000E+00
 0.00000E+00   0.00000E+00
 0.00000E+00   0.00000E+00
 0.00000E+00   0.00000E+00
 0.00000E+00   0.00000E+00
 0.00000E+00   0.00000E+00
 0.00000E+00   0.00000E+00
 0.00000E+00   0.00000E+00
 0.00000E+00   0.00000E+00
 0.00000E+00   0.00000E+00
 0.00000E+00   0.00000E+00
 0.00000E+00   0.00000E+00
 0.00000E+00   0.00000E+00
 0.00000E+00   0.00000E+00
 0.00000E+00   0.00000E+00
 0.00000E+00   0.00000E+00
 0.00000E+00   0.00000E+00
 0.00000E+00   0.00000E+00
 0.00000E+00   0.00000E+00
 0.00000E+00   0.00000E+00
 0.00000E+00   0.00000E+00
 0.00000E+00   0.00000E+00
 0.00000E+00   0.00000E+00
 0.00000E+00   0.00000E+00
 0.00000E+00   0.00000E+00
 0.00000E+00   0.00000E+00
 0.00000E+00   0.00000E+00
 0.00000E+00   0.00000E+00
 0.00000E+00   0.00000E+00
 0.00000E+00   0.00000E+00
 0.00000E+00   0.00000E+00
 0.00000E+00   0.00000E+00
 0.00000E+00   0.00000E+00
 0.00000E+00   0.00000E+00
 0.00000E+00   0.00000E+00
 0.00000E+00   0.00000E+00
 0.00000E+00   0.00000E+00
 0.00000E+00   0.00000E+00
 0.00000E+00   0.00000E+00
 0.00000E+00   0.00000E+00
 0.00000E+00   0.00000E+00
 0.00000E+00   0.00000E+00
 0.00000E+00   0.00000E+00
 0.00000E+00   0.00000E+00
 0.00000E+00   0.00000E+00
 0.00000E+00   0.00000E+00
 0.00000E+00   0.00000E+00
 0.00000E+00   0.00000E+00
 0.00000E+00   0.00000E+00
 0.00000E+00   0.00000E+00
 0.00000E+00   0.00000E+00
 0.00000E+00   0.00000E+00
 0.00000E+00   0.00000E+00
 0.00000E+00   0.00000E+00
 0.00000E+00   0.00000E+00
 0.00000E+00   0.00000E+00
 0.00000E+00   0.00000E+00
 0.00000E+00   0.00000E+00
 0.00000E+00   0.00000E+00
 0.00000E+00   0.00000E+00
 0.00000E+00   0.00000E+00
 0.00000E+00   0.00000E+00
 0.00000E+00   0.00000E+00
 0.00000E+00   0.00000E+00
 0.00000E+00   0.00000E+00
 0.00000E+00   0.00000E+00
 0.00000E+00   0.00000E+00
 0.00000E+00   0.00000E+00
 0.00000E+00   0.00000E+00
 0.00000E+00   0.00000E+00
 0.00000E+00   0.00000E+00
 0.00000E+00   0.00000E+00
 0.00000E+00   0.00000E+00
 0.00000E+00   0.00000E+00
 0.00000E+00   0.00000E+00
 0.00000E+00   0.00000E+00
 0.00000E+00   0.00000E+00
 0.00000E+00   0.00000E+00
 0.00000E+00   0.00000E+00
 0.00000E+00   0.00000E+00
 0.00000E+00   0.00000E+00
 0.00000E+00   0.00000E+00
 0.00000E+00   0.00000E+00
 0.00000E+00   0.00000E+00
 0.00000E+00   0.00000E+00
 0.00000E+00   0.00000E+00
 0.00000E+00   0.00000E+00
 0.00000E+00   0.00000E+00
 0.00000E+00   0.00000E+00
 0.00000E+00   0.00000E+00
 0.00000E+00   0.00000E+00
 0.00000E+00   0.00000E+00
 0.00000E+00   0.00000E+00
 0.00000E+00   0.00000E+00
 0.00000E+00   0.00000E+00
 0.00000E+00   0.00000E+00
 0.00000E+00   0.00000E+00
 0.00000E+00   0.00000E+00
 0.00000E+00   0.00000E+00
 0.00000E+00   0.00000E+00
 8.33704E-15   2.13546E+02
 7.87864E-02   2.13546E+02
 7.74803E-02   2.13401E+02
 7.68685E-02   2.13307E+02
 7.64813E-02   2.13276E+02
 7.62990E-02   2.13236E+02
 7.60933E-02   2.13283E+02
 7.60138E-02   2.13290E+02
 7.58341E-02   2.13416E+02
 7.57899E-02   2.13458E+02
 7.55922E-02   2.13658E+02
 7.55666E-02   2.13727E+02
 7.53396E-02   2.13992E+02
 7.53206E-02   2.14084E+02
 7.50695E-02   2.14413E+02
 7.50423E-02   2.14519E+02
 7.47776E-02   2.14916E+02
 7.47290E-02   2.15034E+02
 7.44620E-02   2.15497E+02
 7.43773E-02   2.15634E+02
 7.41258E-02   2.16152E+02
 7.39890E-02   2.16326E+02
 7.37680E-02   2.16882E+02
 7.35716E-02   2.17112E+02
 7.33953E-02   2.17689E+02
 7.31301E-02   2.17994E+02
 7.30182E-02   2.18567E+02
 7.26795E-02   2.18971E+02
 7.26382E-02   2.19511E+02
 7.22437E-02   2.20029E+02
 7.22562E-02   2.20509E+02
 7.18433E-02   2.21146E+02
 7.18727E-02   2.21550E+02
 7.14924E-02   2.22290E+02
 7.14801E-02   2.22622E+02
 7.11914E-02   2.23424E+02
 7.10702E-02   2.23721E+02
 7.09157E-02   2.24524E+02
 7.06374E-02   2.24845E+02
 7.06211E-02   2.25592E+02
 7.01796E-02   2.26005E+02
 7.02563E-02   2.26664E+02
 6.97057E-02   2.27224E+02
 6.97815E-02   2.27805E+02
 6.92395E-02   2.28535E+02
 6.91925E-02   2.29090E+02
 6.88125E-02   2.29961E+02
 6.85413E-02   2.30572E+02
 6.84480E-02   2.31500E+02
 6.79318E-02   2.32237E+02
 6.81362E-02   2.33120E+02
 6.74765E-02   2.33984E+02
 6.78244E-02   2.34760E+02
 6.72257E-02   2.35663E+02
 6.74370E-02   2.36354E+02
 6.71174E-02   2.37169E+02
 6.69284E-02   2.37866E+02
 6.69900E-02   2.38523E+02
 6.63392E-02   2.39313E+02
 6.66772E-02   2.39898E+02
 6.58056E-02   2.40769E+02
 6.61402E-02   2.41500E+02
 6.54954E-02   2.42338E+02
 6.55304E-02   2.43387E+02
 6.54730E-02   2.44087E+02
 6.50932E-02   2.45367E+02
 6.55866E-02   2.45994E+02
 6.49474E-02   2.47121E+02
 6.55118E-02   2.47959E+02
 6.49445E-02   2.48548E+02
 6.49995E-02   2.49855E+02
 6.47839E-02   2.49975E+02
 6.41630E-02   2.51604E+02
 6.43277E-02   2.51905E+02
 6.34931E-02   2.53221E+02
 6.38218E-02   2.54412E+02
 6.34525E-02   2.54823E+02
 6.36385E-02   2.56821E+02
 6.39265E-02   2.56561E+02
 6.37462E-02   2.58321E+02
 6.41627E-02   2.58513E+02
 6.36458E-02   2.59085E+02
 6.35120E-02   2.60611E+02
 6.29312E-02   2.60367E+02
 6.22858E-02   2.62643E+02
 6.19684E-02   2.63073E+02
 6.15868E-02   2.64398E+02
 6.17005E-02   2.66225E+02
 6.20082E-02   2.65940E+02
 6.23032E-02   2.67878E+02
 6.27332E-02   2.67628E+02
 6.28358E-02   2.68088E+02
 6.25325E-02   2.69684E+02
 6.24096E-02   2.69193E+02
 6.15520E-02   2.71859E+02
 6.14239E-02   2.72460E+02
 6.11126E-02   2.73680E+02
 6.10484E-02   2.75824E+02
 6.15130E-02   2.75188E+02
 6.12057E-02   2.77040E+02
 6.14393E-02   2.77012E+02
 6.10177E-02   2.77659E+02
 6.04213E-02   2.79433E+02
 6.04337E-02   2.80033E+02
 5.99754E-02   2.81820E+02
 6.02959E-02   2.82795E+02
 6.07073E-02   2.83444E+02
 6.04908E-02   2.83876E+02
 6.08114E-02   2.84678E+02
 6.01958E-02   2.85159E+02
 5.96223E-02   2.86506E+02
 5.96995E-02   2.88342E+02
 5.92978E-02   2.89185E+02
 5.98702E-02   2.90989E+02
 6.02150E-02   2.91659E+02
 5.99352E-02   2.91933E+02
 5.97395E-02   2.93087E+02
 5.89658E-02   2.93488E+02
 5.82318E-02   2.94214E+02
 5.82964E-02   2.95721E+02
 5.86929E-02   2.96306E+02
 5.90278E-02   2.97098E+02
 5.96292E-02   2.98727E+02
 5.92519E-02   2.99153E+02
 5.83295E-02   3.00378E+02
 5.81830E-02   3.02249E+02
 5.76394E-02   3.02309E+02
 5.75493E-02   3.03381E+02
 5.82440E-02   3.04668E+02
 5.77756E-02   3.04488E+02
 5.74733E-02   3.05946E+02
 5.79978E-02   3.07976E+02
 5.75538E-02   3.08008E+02
 5.72214E-02   3.08872E+02
 5.71695E-02   3.10327E+02
 5.69217E-02   3.10339E+02
 5.67356E-02   3.11932E+02
 5.63734E-02   3.13771E+02
 5.70171E-02   3.13875E+02
 5.71609E-02   3.14280E+02
 5.61196E-02   3.16138E+02
 5.60407E-02   3.18088E+02
 5.64615E-02   3.17618E+02
 5.64265E-02   3.17744E+02
