/rn,a,b/nx0/ls1
283 -0.282 0.282 0 OUTPUT_AMP_PHASE Wavelength=0.564
 0.00000E+00   0.00000E+00
 0.00000E+00   0.00000E+00
 0.00000E+00   0.00000E+00
 0.00000E+00   0.00000E+00
 0.00000E+00   0.00000E+00
 0.00000E+00   0.00000E+00
 0.00000E+00   0.00000E+00
 0.00000E+00   0.00000E+00
 0.00000E+00   0.00000E+00
 0.00000E+00   0.00000E+00
 0.00000E+00   0.00000E+00
 0.00000E+00   0.00000E+00
 0.00000E+00   0.00000E+00
 0.00000E+00   0.00000E+00
 0.00000E+00   0.00000E+00
 0.00000E+00   0.00000E+00
 0.00000E+00   0.00000E+00
 0.00000E+00   0.00000E+00
 0.00000E+00   0.00000E+00
 0.00000E+00   0.00000E+00
 0.00000E+00   0.00000E+00
 0.00000E+00   0.00000E+00
 0.00000E+00   0.00000E+00
 0.00000E+00   0.00000E+00
 0.00000E+00   0.00000E+00
 0.00000E+00   0.00000E+00
 0.00000E+00   0.00000E+00
 0.00000E+00   0.00000E+00
 0.00000E+00   0.00000E+00
 0.00000E+00   0.00000E+00
 0.00000E+00   0.00000E+00
 0.00000E+00   0.00000E+00
 0.00000E+00   0.00000E+00
 0.00000E+00   0.00000E+00
 0.00000E+00   0.00000E+00
 0.00000E+00   0.00000E+00
 0.00000E+00   0.00000E+00
 0.00000E+00   0.00000E+00
 0.00000E+00   0.00000E+00
 0.00000E+00   0.00000E+00
 0.00000E+00   0.00000E+00
 0.00000E+00   0.00000E+00
 0.00000E+00   0.00000E+00
 0.00000E+00   0.00000E+00
 0.00000E+00   0.00000E+00
 0.00000E+00   0.00000E+00
 0.00000E+00   0.00000E+00
 0.00000E+00   0.00000E+00
 0.00000E+00   0.00000E+00
 0.00000E+00   0.00000E+00
 0.00000E+00   0.00000E+00
 0.00000E+00   0.00000E+00
 0.00000E+00   0.00000E+00
 0.00000E+00   0.00000E+00
 0.00000E+00   0.00000E+00
 0.00000E+00   0.00000E+00
 0.00000E+00   0.00000E+00
 0.00000E+00   0.00000E+00
 0.00000E+00   0.00000E+00
 0.00000E+00   0.00000E+00
 0.00000E+00   0.00000E+00
 0.00000E+00   0.00000E+00
 0.00000E+00   0.00000E+00
 0.00000E+00   0.00000E+00
 0.00000E+00   0.00000E+00
 0.00000E+00   0.00000E+00
 0.00000E+00   0.00000E+00
 0.00000E+00   0.00000E+00
 0.00000E+00   0.00000E+00
 0.00000E+00   0.00000E+00
 0.00000E+00   0.00000E+00
 0.00000E+00   0.00000E+00
 0.00000E+00   0.00000E+00
 0.00000E+00   0.00000E+00
 0.00000E+00   0.00000E+00
 0.00000E+00   0.00000E+00
 0.00000E+00   0.00000E+00
 0.00000E+00   0.00000E+00
 0.00000E+00   0.00000E+00
 0.00000E+00   0.00000E+00
 0.00000E+00   0.00000E+00
 0.00000E+00   0.00000E+00
 0.00000E+00   0.00000E+00
 0.00000E+00   0.00000E+00
 0.00000E+00   0.00000E+00
 0.00000E+00   0.00000E+00
 0.00000E+00   0.00000E+00
 0.00000E+00   0.00000E+00
 0.00000E+00   0.00000E+00
 0.00000E+00   0.00000E+00
 0.00000E+00   0.00000E+00
 0.00000E+00   0.00000E+00
 0.00000E+00   0.00000E+00
 0.00000E+00   0.00000E+00
 0.00000E+00   0.00000E+00
 0.00000E+00   0.00000E+00
 0.00000E+00   0.00000E+00
 0.00000E+00   0.00000E+00
 0.00000E+00   0.00000E+00
 0.00000E+00   0.00000E+00
 0.00000E+00   0.00000E+00
 0.00000E+00   0.00000E+00
 0.00000E+00   0.00000E+00
 0.00000E+00   0.00000E+00
 0.00000E+00   0.00000E+00
 0.00000E+00   0.00000E+00
 0.00000E+00   0.00000E+00
 0.00000E+00   0.00000E+00
 0.00000E+00   0.00000E+00
 0.00000E+00   0.00000E+00
 0.00000E+00   0.00000E+00
 0.00000E+00   0.00000E+00
 0.00000E+00   0.00000E+00
 0.00000E+00   0.00000E+00
 0.00000E+00   0.00000E+00
 0.00000E+00   0.00000E+00
 0.00000E+00   0.00000E+00
 0.00000E+00   0.00000E+00
 0.00000E+00   0.00000E+00
 0.00000E+00   0.00000E+00
 0.00000E+00   0.00000E+00
 0.00000E+00   0.00000E+00
 0.00000E+00   0.00000E+00
 0.00000E+00   0.00000E+00
 0.00000E+00   0.00000E+00
 0.00000E+00   0.00000E+00
 0.00000E+00   0.00000E+00
 0.00000E+00   0.00000E+00
 0.00000E+00   0.00000E+00
 0.00000E+00   0.00000E+00
 0.00000E+00   0.00000E+00
 0.00000E+00   0.00000E+00
 0.00000E+00   0.00000E+00
 0.00000E+00   0.00000E+00
 0.00000E+00   0.00000E+00
 0.00000E+00   0.00000E+00
 0.00000E+00   0.00000E+00
 0.00000E+00   0.00000E+00
 7.86039E-15   2.05596E+01
 7.36781E-02   2.05596E+01
 6.96251E-02   2.08339E+01
 6.77523E-02   2.08330E+01
 6.71064E-02   2.09983E+01
 6.65915E-02   2.09528E+01
 6.65493E-02   2.10012E+01
 6.63229E-02   2.11603E+01
 6.64728E-02   2.10353E+01
 6.61762E-02   2.14437E+01
 6.66013E-02   2.12015E+01
 6.60142E-02   2.17172E+01
 6.67835E-02   2.15458E+01
 6.59010E-02   2.19847E+01
 6.68838E-02   2.19845E+01
 6.59170E-02   2.23627E+01
 6.68473E-02   2.24019E+01
 6.60422E-02   2.29258E+01
 6.67039E-02   2.28017E+01
 6.62097E-02   2.36118E+01
 6.65231E-02   2.32630E+01
 6.63450E-02   2.43408E+01
 6.63926E-02   2.38325E+01
 6.63657E-02   2.51151E+01
 6.63203E-02   2.44951E+01
 6.63520E-02   2.59762E+01
 6.61884E-02   2.52355E+01
 6.64386E-02   2.68970E+01
 6.59668E-02   2.60950E+01
 6.66071E-02   2.77880E+01
 6.57524E-02   2.71444E+01
 6.67861E-02   2.85841E+01
 6.56682E-02   2.83671E+01
 6.69297E-02   2.93054E+01
 6.58159E-02   2.96659E+01
 6.69826E-02   3.00188E+01
 6.62442E-02   3.09168E+01
 6.69477E-02   3.07963E+01
 6.68780E-02   3.20337E+01
 6.68890E-02   3.16796E+01
 6.75470E-02   3.30186E+01
 6.69016E-02   3.26872E+01
 6.80509E-02   3.39375E+01
 6.70803E-02   3.38547E+01
 6.82247E-02   3.48748E+01
 6.74732E-02   3.52416E+01
 6.80093E-02   3.59239E+01
 6.80782E-02   3.68488E+01
 6.74960E-02   3.71816E+01
 6.88386E-02   3.85926E+01
 6.69642E-02   3.86862E+01
 6.95705E-02   4.03476E+01
 6.68439E-02   4.03100E+01
 6.99405E-02   4.19742E+01
 6.75173E-02   4.18611E+01
 6.96634E-02   4.33437E+01
 6.89716E-02   4.32088E+01
 6.88248E-02   4.44059E+01
 7.06161E-02   4.43960E+01
 6.79711E-02   4.51783E+01
 7.15271E-02   4.57256E+01
 6.78266E-02   4.57648E+01
 7.11200E-02   4.75404E+01
 6.88167E-02   4.64619E+01
 6.97428E-02   4.98419E+01
 7.05828E-02   4.77061E+01
 6.86308E-02   5.20280E+01
 7.20514E-02   4.98267E+01
 6.90133E-02   5.32109E+01
 7.21895E-02   5.27963E+01
 7.10292E-02   5.32956E+01
 7.10210E-02   5.60150E+01
 7.33557E-02   5.34628E+01
 6.98430E-02   5.84114E+01
 7.41307E-02   5.51704E+01
 7.02752E-02   5.92193E+01
 7.29754E-02   5.87528E+01
 7.27983E-02   5.90947E+01
 7.15212E-02   6.26331E+01
 7.56747E-02   5.97216E+01
 7.15353E-02   6.42752E+01
 7.61523E-02   6.20614E+01
 7.31099E-02   6.34691E+01
 7.36533E-02   6.53945E+01
 7.44267E-02   6.32509E+01
 7.08528E-02   6.76515E+01
 7.39370E-02   6.61503E+01
 7.09584E-02   6.77642E+01
 7.32784E-02   7.06053E+01
 7.39315E-02   6.79876E+01
 7.47010E-02   7.21754E+01
 7.61022E-02   7.08284E+01
 7.75722E-02   7.05115E+01
 7.54871E-02   7.51788E+01
 7.85638E-02   7.07027E+01
 7.43986E-02   7.71259E+01
 7.62485E-02   7.57757E+01
 7.58344E-02   7.53754E+01
 7.44944E-02   8.16854E+01
 7.83256E-02   7.45140E+01
 7.53771E-02   8.24761E+01
 7.77074E-02   7.81239E+01
 7.68757E-02   8.06656E+01
 7.56410E-02   8.38249E+01
 7.64489E-02   8.17235E+01
 7.63419E-02   8.67270E+01
 7.59041E-02   8.41005E+01
 7.88079E-02   8.72054E+01
 7.73822E-02   8.42705E+01
 7.89709E-02   8.83675E+01
 7.84225E-02   8.57521E+01
 7.75136E-02   8.98668E+01
 7.79845E-02   9.11757E+01
 7.80747E-02   9.12835E+01
 7.91739E-02   9.52900E+01
 7.95120E-02   9.38223E+01
 8.03334E-02   9.56876E+01
 7.91266E-02   9.54682E+01
 7.82068E-02   9.63052E+01
 7.87781E-02   9.53051E+01
 7.70568E-02   9.74014E+01
 8.05156E-02   9.81494E+01
 8.05778E-02   9.83750E+01
 8.18757E-02   1.02714E+02
 8.20428E-02   1.01297E+02
 7.99584E-02   1.02854E+02
 7.93035E-02   1.05130E+02
 7.86829E-02   1.02649E+02
 7.90111E-02   1.06676E+02
 8.08228E-02   1.06935E+02
 8.09062E-02   1.06556E+02
 8.14242E-02   1.09282E+02
 8.23577E-02   1.09299E+02
 8.07328E-02   1.10328E+02
 8.19599E-02   1.11041E+02
 8.18036E-02   1.13350E+02
 7.90854E-02   1.10735E+02
 8.22183E-02   1.14614E+02
 8.02763E-02   1.16328E+02
 8.14522E-02   1.15405E+02
 8.37734E-02   1.17862E+02
 8.12544E-02   1.18318E+02
 8.11681E-02   1.21821E+02
 8.05743E-02   1.18863E+02
 8.68201E-02   1.18694E+02
