/rn,a,b/nx0/ls1
283 -0.282 0.282 0 OUTPUT_AMP_PHASE Wavelength=0.564
 0.00000E+00   0.00000E+00
 0.00000E+00   0.00000E+00
 0.00000E+00   0.00000E+00
 0.00000E+00   0.00000E+00
 0.00000E+00   0.00000E+00
 0.00000E+00   0.00000E+00
 0.00000E+00   0.00000E+00
 0.00000E+00   0.00000E+00
 0.00000E+00   0.00000E+00
 0.00000E+00   0.00000E+00
 0.00000E+00   0.00000E+00
 0.00000E+00   0.00000E+00
 0.00000E+00   0.00000E+00
 0.00000E+00   0.00000E+00
 0.00000E+00   0.00000E+00
 0.00000E+00   0.00000E+00
 0.00000E+00   0.00000E+00
 0.00000E+00   0.00000E+00
 0.00000E+00   0.00000E+00
 0.00000E+00   0.00000E+00
 0.00000E+00   0.00000E+00
 0.00000E+00   0.00000E+00
 0.00000E+00   0.00000E+00
 0.00000E+00   0.00000E+00
 0.00000E+00   0.00000E+00
 0.00000E+00   0.00000E+00
 0.00000E+00   0.00000E+00
 0.00000E+00   0.00000E+00
 0.00000E+00   0.00000E+00
 0.00000E+00   0.00000E+00
 0.00000E+00   0.00000E+00
 0.00000E+00   0.00000E+00
 0.00000E+00   0.00000E+00
 0.00000E+00   0.00000E+00
 0.00000E+00   0.00000E+00
 0.00000E+00   0.00000E+00
 0.00000E+00   0.00000E+00
 0.00000E+00   0.00000E+00
 0.00000E+00   0.00000E+00
 0.00000E+00   0.00000E+00
 0.00000E+00   0.00000E+00
 0.00000E+00   0.00000E+00
 0.00000E+00   0.00000E+00
 0.00000E+00   0.00000E+00
 0.00000E+00   0.00000E+00
 0.00000E+00   0.00000E+00
 0.00000E+00   0.00000E+00
 0.00000E+00   0.00000E+00
 0.00000E+00   0.00000E+00
 0.00000E+00   0.00000E+00
 0.00000E+00   0.00000E+00
 0.00000E+00   0.00000E+00
 0.00000E+00   0.00000E+00
 0.00000E+00   0.00000E+00
 0.00000E+00   0.00000E+00
 0.00000E+00   0.00000E+00
 0.00000E+00   0.00000E+00
 0.00000E+00   0.00000E+00
 0.00000E+00   0.00000E+00
 0.00000E+00   0.00000E+00
 0.00000E+00   0.00000E+00
 0.00000E+00   0.00000E+00
 0.00000E+00   0.00000E+00
 0.00000E+00   0.00000E+00
 0.00000E+00   0.00000E+00
 0.00000E+00   0.00000E+00
 0.00000E+00   0.00000E+00
 0.00000E+00   0.00000E+00
 0.00000E+00   0.00000E+00
 0.00000E+00   0.00000E+00
 0.00000E+00   0.00000E+00
 0.00000E+00   0.00000E+00
 0.00000E+00   0.00000E+00
 0.00000E+00   0.00000E+00
 0.00000E+00   0.00000E+00
 0.00000E+00   0.00000E+00
 0.00000E+00   0.00000E+00
 0.00000E+00   0.00000E+00
 0.00000E+00   0.00000E+00
 0.00000E+00   0.00000E+00
 0.00000E+00   0.00000E+00
 0.00000E+00   0.00000E+00
 0.00000E+00   0.00000E+00
 0.00000E+00   0.00000E+00
 0.00000E+00   0.00000E+00
 0.00000E+00   0.00000E+00
 0.00000E+00   0.00000E+00
 0.00000E+00   0.00000E+00
 0.00000E+00   0.00000E+00
 0.00000E+00   0.00000E+00
 0.00000E+00   0.00000E+00
 0.00000E+00   0.00000E+00
 0.00000E+00   0.00000E+00
 0.00000E+00   0.00000E+00
 0.00000E+00   0.00000E+00
 0.00000E+00   0.00000E+00
 0.00000E+00   0.00000E+00
 0.00000E+00   0.00000E+00
 0.00000E+00   0.00000E+00
 0.00000E+00   0.00000E+00
 0.00000E+00   0.00000E+00
 0.00000E+00   0.00000E+00
 0.00000E+00   0.00000E+00
 0.00000E+00   0.00000E+00
 0.00000E+00   0.00000E+00
 0.00000E+00   0.00000E+00
 0.00000E+00   0.00000E+00
 0.00000E+00   0.00000E+00
 0.00000E+00   0.00000E+00
 0.00000E+00   0.00000E+00
 0.00000E+00   0.00000E+00
 0.00000E+00   0.00000E+00
 0.00000E+00   0.00000E+00
 0.00000E+00   0.00000E+00
 0.00000E+00   0.00000E+00
 0.00000E+00   0.00000E+00
 0.00000E+00   0.00000E+00
 0.00000E+00   0.00000E+00
 0.00000E+00   0.00000E+00
 0.00000E+00   0.00000E+00
 0.00000E+00   0.00000E+00
 0.00000E+00   0.00000E+00
 0.00000E+00   0.00000E+00
 0.00000E+00   0.00000E+00
 0.00000E+00   0.00000E+00
 0.00000E+00   0.00000E+00
 0.00000E+00   0.00000E+00
 0.00000E+00   0.00000E+00
 0.00000E+00   0.00000E+00
 0.00000E+00   0.00000E+00
 0.00000E+00   0.00000E+00
 0.00000E+00   0.00000E+00
 0.00000E+00   0.00000E+00
 0.00000E+00   0.00000E+00
 0.00000E+00   0.00000E+00
 0.00000E+00   0.00000E+00
 0.00000E+00   0.00000E+00
 0.00000E+00   0.00000E+00
 0.00000E+00   0.00000E+00
 8.45904E-15   3.21730E+01
 7.99394E-02   3.21730E+01
 7.78939E-02   3.25891E+01
 7.69884E-02   3.27892E+01
 7.64701E-02   3.28971E+01
 7.62545E-02   3.29800E+01
 7.60218E-02   3.30669E+01
 7.59643E-02   3.31573E+01
 7.57719E-02   3.32840E+01
 7.57654E-02   3.33979E+01
 7.55496E-02   3.35766E+01
 7.55690E-02   3.37134E+01
 7.53146E-02   3.39451E+01
 7.53450E-02   3.41015E+01
 7.50587E-02   3.43905E+01
 7.50824E-02   3.45584E+01
 7.47775E-02   3.49132E+01
 7.47779E-02   3.50864E+01
 7.44694E-02   3.55103E+01
 7.44275E-02   3.56910E+01
 7.41378E-02   3.61790E+01
 7.40316E-02   3.63769E+01
 7.37824E-02   3.69191E+01
 7.35964E-02   3.71473E+01
 7.34094E-02   3.77295E+01
 7.31269E-02   3.80037E+01
 7.30289E-02   3.86046E+01
 7.26398E-02   3.89445E+01
 7.26415E-02   3.95359E+01
 7.21628E-02   3.99625E+01
 7.22476E-02   4.05126E+01
 7.17229E-02   4.10404E+01
 7.18479E-02   4.15255E+01
 7.13434E-02   4.21538E+01
 7.14366E-02   4.25690E+01
 7.10339E-02   4.32764E+01
 7.10088E-02   4.36437E+01
 7.07780E-02   4.43900E+01
 7.05639E-02   4.47584E+01
 7.05340E-02   4.54981E+01
 7.01063E-02   4.59304E+01
 7.02445E-02   4.66312E+01
 6.96494E-02   4.71836E+01
 6.98547E-02   4.78412E+01
 6.92178E-02   4.85413E+01
 6.93388E-02   4.91836E+01
 6.88378E-02   5.00111E+01
 6.87257E-02   5.06894E+01
 6.85200E-02   5.15723E+01
 6.81049E-02   5.23320E+01
 6.82391E-02   5.31802E+01
 6.75897E-02   5.40112E+01
 6.79293E-02   5.47788E+01
 6.72529E-02   5.55992E+01
 6.75138E-02   5.63222E+01
 6.70684E-02   5.70254E+01
 6.69613E-02   5.78023E+01
 6.69050E-02   5.83519E+01
 6.63342E-02   5.92561E+01
 6.66022E-02   5.97728E+01
 6.57840E-02   6.07500E+01
 6.60972E-02   6.14872E+01
 6.54738E-02   6.23520E+01
 6.55027E-02   6.35114E+01
 6.54425E-02   6.40959E+01
 6.50407E-02   6.55868E+01
 6.55137E-02   6.59635E+01
 6.48474E-02   6.73405E+01
 6.53711E-02   6.79029E+01
 6.48329E-02   6.86620E+01
 6.48228E-02   6.98435E+01
 6.47445E-02   6.99308E+01
 6.40526E-02   7.16981E+01
 6.44129E-02   7.17401E+01
 6.35564E-02   7.33883E+01
 6.39764E-02   7.42401E+01
 6.36874E-02   7.49303E+01
 6.37275E-02   7.67648E+01
 6.41675E-02   7.65029E+01
 6.36799E-02   7.84136E+01
 6.41917E-02   7.83535E+01
 6.34961E-02   7.92199E+01
 6.32856E-02   8.05391E+01
 6.28972E-02   8.03813E+01
 6.20332E-02   8.27358E+01
 6.21437E-02   8.28890E+01
 6.15857E-02   8.44689E+01
 6.19176E-02   8.59746E+01
 6.22560E-02   8.57937E+01
 6.23100E-02   8.78332E+01
 6.29422E-02   8.74225E+01
 6.25898E-02   8.83432E+01
 6.25118E-02   8.97754E+01
 6.21665E-02   8.95120E+01
 6.14322E-02   9.22276E+01
 6.14230E-02   9.24974E+01
 6.10251E-02   9.38052E+01
 6.11823E-02   9.55520E+01
 6.13603E-02   9.48621E+01
 6.12462E-02   9.68510E+01
 6.12272E-02   9.67684E+01
 6.09340E-02   9.77745E+01
 6.04690E-02   9.96296E+01
 6.03980E-02   1.00177E+02
 6.02929E-02   1.01963E+02
 6.03594E-02   1.02716E+02
 6.07506E-02   1.03263E+02
 6.05000E-02   1.03846E+02
 6.05063E-02   1.04735E+02
 6.00677E-02   1.05350E+02
 5.96277E-02   1.06869E+02
 5.96298E-02   1.08340E+02
 5.96540E-02   1.09097E+02
 6.00300E-02   1.10723E+02
 6.02336E-02   1.11301E+02
 6.01330E-02   1.12017E+02
 5.95320E-02   1.13156E+02
 5.88914E-02   1.13717E+02
 5.82450E-02   1.14273E+02
 5.81391E-02   1.15392E+02
 5.86456E-02   1.16060E+02
 5.91340E-02   1.16967E+02
 5.96025E-02   1.18856E+02
 5.92896E-02   1.19436E+02
 5.85815E-02   1.20680E+02
 5.79298E-02   1.21956E+02
 5.74700E-02   1.22037E+02
 5.77075E-02   1.23578E+02
 5.80681E-02   1.24462E+02
 5.78900E-02   1.24939E+02
 5.78432E-02   1.26352E+02
 5.78196E-02   1.27310E+02
 5.73111E-02   1.27957E+02
 5.76235E-02   1.29177E+02
 5.73659E-02   1.30243E+02
 5.64133E-02   1.30412E+02
 5.69384E-02   1.31975E+02
 5.67075E-02   1.33546E+02
 5.64733E-02   1.33695E+02
 5.70543E-02   1.34492E+02
 5.65148E-02   1.36564E+02
 5.59332E-02   1.38144E+02
 5.61397E-02   1.37456E+02
 5.67088E-02   1.37406E+02
