/rn,a,b/nx0/ls1
283 -0.282 0.282 0 OUTPUT_AMP_PHASE Wavelength=0.564
 5.67088E-02   1.37406E+02
 5.60706E-02   1.38330E+02
 5.63336E-02   1.38955E+02
 5.59106E-02   1.36561E+02
 5.54611E-02   1.35534E+02
 5.61898E-02   1.35074E+02
 5.64173E-02   1.34549E+02
 5.65244E-02   1.34177E+02
 5.62798E-02   1.33322E+02
 5.63330E-02   1.32415E+02
 5.63807E-02   1.31308E+02
 5.59612E-02   1.31579E+02
 5.66423E-02   1.31416E+02
 5.62108E-02   1.30059E+02
 5.58605E-02   1.29565E+02
 5.67750E-02   1.28221E+02
 5.61167E-02   1.27655E+02
 5.61442E-02   1.27774E+02
 5.65526E-02   1.27047E+02
 5.59344E-02   1.26611E+02
 5.62845E-02   1.25467E+02
 5.66516E-02   1.24721E+02
 5.62695E-02   1.24083E+02
 5.63153E-02   1.23697E+02
 5.61225E-02   1.23448E+02
 5.55231E-02   1.22651E+02
 5.57937E-02   1.22211E+02
 5.58550E-02   1.21349E+02
 5.60393E-02   1.20842E+02
 5.63768E-02   1.20416E+02
 5.61899E-02   1.19915E+02
 5.59766E-02   1.19336E+02
 5.55835E-02   1.18793E+02
 5.53818E-02   1.18097E+02
 5.51641E-02   1.17521E+02
 5.53522E-02   1.17254E+02
 5.54550E-02   1.16556E+02
 5.54656E-02   1.16322E+02
 5.55425E-02   1.15584E+02
 5.51563E-02   1.14889E+02
 5.49346E-02   1.14394E+02
 5.45919E-02   1.13666E+02
 5.43246E-02   1.13361E+02
 5.42589E-02   1.13050E+02
 5.42162E-02   1.12577E+02
 5.42436E-02   1.12314E+02
 5.42226E-02   1.11677E+02
 5.41670E-02   1.11018E+02
 5.38940E-02   1.10602E+02
 5.37450E-02   1.09753E+02
 5.33666E-02   1.09646E+02
 5.31282E-02   1.09088E+02
 5.29725E-02   1.08883E+02
 5.26644E-02   1.08733E+02
 5.27121E-02   1.08089E+02
 5.24251E-02   1.08059E+02
 5.23467E-02   1.07197E+02
 5.21542E-02   1.06967E+02
 5.17898E-02   1.06394E+02
 5.16427E-02   1.05872E+02
 5.11871E-02   1.05771E+02
 5.09659E-02   1.05098E+02
 5.06942E-02   1.05152E+02
 5.03499E-02   1.04571E+02
 5.02868E-02   1.04349E+02
 4.98923E-02   1.04020E+02
 4.98031E-02   1.03419E+02
 4.94640E-02   1.03305E+02
 4.91229E-02   1.02597E+02
 4.88740E-02   1.02504E+02
 4.82751E-02   1.02028E+02
 4.80632E-02   1.01757E+02
 4.74019E-02   1.01632E+02
 4.71359E-02   1.01131E+02
 4.66282E-02   1.01188E+02
 4.62539E-02   1.00599E+02
 4.59697E-02   1.00556E+02
 4.54968E-02   1.00101E+02
 4.53393E-02   9.97940E+01
 4.48184E-02   9.95941E+01
 4.46181E-02   9.90672E+01
 4.41011E-02   9.90779E+01
 4.37307E-02   9.85007E+01
 4.32429E-02   9.85699E+01
 4.26828E-02   9.81114E+01
 4.22145E-02   9.80742E+01
 4.15429E-02   9.78142E+01
 4.10625E-02   9.75860E+01
 4.03903E-02   9.74916E+01
 3.98668E-02   9.71033E+01
 3.92769E-02   9.70662E+01
 3.86948E-02   9.66270E+01
 3.82063E-02   9.65465E+01
 3.75765E-02   9.61598E+01
 3.71462E-02   9.59996E+01
 3.64994E-02   9.57129E+01
 3.60576E-02   9.54911E+01
 3.54222E-02   9.53035E+01
 3.49057E-02   9.50640E+01
 3.42938E-02   9.49456E+01
 3.36726E-02   9.47288E+01
 3.30830E-02   9.46354E+01
 3.23544E-02   9.44705E+01
 3.17773E-02   9.43526E+01
 3.09622E-02   9.42659E+01
 3.03785E-02   9.40856E+01
 2.95131E-02   9.40754E+01
 2.89005E-02   9.38355E+01
 2.80236E-02   9.38637E+01
 2.73636E-02   9.35962E+01
 2.65024E-02   9.36260E+01
 2.57881E-02   9.33597E+01
 2.49548E-02   9.33649E+01
 2.41878E-02   9.31273E+01
 2.33850E-02   9.30943E+01
 2.25696E-02   9.29011E+01
 2.17942E-02   9.28258E+01
 2.09336E-02   9.26849E+01
 2.01798E-02   9.25612E+01
 1.92827E-02   9.24899E+01
 1.85348E-02   9.23113E+01
 1.76207E-02   9.23200E+01
 1.68614E-02   9.20902E+01
 1.59403E-02   9.21591E+01
 1.51664E-02   9.19060E+01
 1.42347E-02   9.20201E+01
 1.34484E-02   9.17424E+01
 1.25076E-02   9.19114E+01
 1.17039E-02   9.16062E+01
 1.07653E-02   9.18081E+01
 9.93557E-03   9.15149E+01
 9.00555E-03   9.16999E+01
 8.15217E-03   9.14613E+01
 7.22470E-03   9.16147E+01
 6.35757E-03   9.14038E+01
 5.43003E-03   9.15857E+01
 4.55039E-03   9.13321E+01
 3.62640E-03   9.15758E+01
 2.73331E-03   9.12937E+01
 1.81522E-03   9.15720E+01
 9.11503E-04   9.12475E+01
 2.99359E-06   1.64345E+02
 9.10490E-04   2.71407E+02
 1.81374E-03   2.71434E+02
 2.73142E-03   2.71320E+02
 3.62499E-03   2.71521E+02
 4.54772E-03   2.71352E+02
 5.42937E-03   2.71544E+02
 6.35463E-03   2.71418E+02
 7.22491E-03   2.71583E+02
 8.14939E-03   2.71475E+02
 9.00555E-03   2.71678E+02
 9.93255E-03   2.71526E+02
 1.07656E-02   2.71798E+02
 1.16998E-02   2.71608E+02
 1.25079E-02   2.71913E+02
 1.34450E-02   2.71735E+02
 1.42338E-02   2.72037E+02
 1.51646E-02   2.71889E+02
 1.59392E-02   2.72186E+02
 1.68594E-02   2.72071E+02
 1.76210E-02   2.72350E+02
 1.85324E-02   2.72290E+02
 1.92829E-02   2.72527E+02
 2.01793E-02   2.72536E+02
 2.09332E-02   2.72723E+02
 2.17968E-02   2.72805E+02
 2.25686E-02   2.72932E+02
 2.33911E-02   2.73078E+02
 2.41863E-02   2.73152E+02
 2.49641E-02   2.73357E+02
 2.57882E-02   2.73370E+02
 2.65128E-02   2.73636E+02
 2.73663E-02   2.73581E+02
 2.80335E-02   2.73896E+02
 2.89038E-02   2.73803E+02
 2.95200E-02   2.74117E+02
 3.03816E-02   2.74049E+02
 3.09626E-02   2.74307E+02
 3.17781E-02   2.74318E+02
 3.23453E-02   2.74507E+02
 3.30780E-02   2.74611E+02
 3.36553E-02   2.74749E+02
 3.42803E-02   2.74942E+02
 3.48846E-02   2.75057E+02
 3.54012E-02   2.75323E+02
 3.60399E-02   2.75455E+02
 3.64768E-02   2.75744E+02
 3.71426E-02   2.75942E+02
 3.75611E-02   2.76187E+02
 3.82215E-02   2.76486E+02
 3.87005E-02   2.76631E+02
 3.93044E-02   2.77028E+02
 3.99003E-02   2.77077E+02
 4.04155E-02   2.77500E+02
 4.11132E-02   2.77546E+02
 4.15450E-02   2.77872E+02
 4.22606E-02   2.78056E+02
 4.26473E-02   2.78198E+02
 4.32578E-02   2.78604E+02
 4.36678E-02   2.78583E+02
 4.40679E-02   2.79166E+02
 4.45698E-02   2.79103E+02
 4.47444E-02   2.79694E+02
 4.53565E-02   2.79762E+02
 4.54211E-02   2.80140E+02
 4.60670E-02   2.80470E+02
 4.62278E-02   2.80529E+02
 4.67563E-02   2.81089E+02
 4.71816E-02   2.80979E+02
 4.74616E-02   2.81566E+02
 4.81468E-02   2.81615E+02
 4.81935E-02   2.82019E+02
 4.89299E-02   2.82459E+02
 4.89367E-02   2.82624E+02
 4.94538E-02   2.83372E+02
 4.96638E-02   2.83447E+02
 4.98438E-02   2.84123E+02
 5.03380E-02   2.84362E+02
 5.03298E-02   2.84624E+02
 5.09095E-02   2.85179E+02
 5.10015E-02   2.85103E+02
 5.13550E-02   2.85840E+02
 5.16810E-02   2.85900E+02
 5.17231E-02   2.86474E+02
 5.21231E-02   2.87032E+02
 5.21186E-02   2.87207E+02
 5.23377E-02   2.88071E+02
 5.25979E-02   2.88001E+02
 5.26267E-02   2.88642E+02
 5.31066E-02   2.88794E+02
 5.31976E-02   2.89003E+02
 5.35440E-02   2.89680E+02
 5.38327E-02   2.89784E+02
 5.38550E-02   2.90706E+02
 5.41470E-02   2.91061E+02
 5.40547E-02   2.91655E+02
 5.41455E-02   2.92208E+02
 5.42335E-02   2.92400E+02
 5.42651E-02   2.92938E+02
 5.45449E-02   2.93271E+02
 5.47609E-02   2.93824E+02
 5.50120E-02   2.94504E+02
 5.52860E-02   2.95141E+02
 5.53566E-02   2.95673E+02
 5.53699E-02   2.96234E+02
 5.53494E-02   2.96508E+02
 5.51752E-02   2.96933E+02
 5.53157E-02   2.97557E+02
 5.53658E-02   2.98064E+02
 5.56199E-02   2.98882E+02
 5.60310E-02   2.99545E+02
 5.59310E-02   2.99740E+02
 5.63081E-02   3.00423E+02
 5.60089E-02   3.00678E+02
 5.58398E-02   3.01241E+02
 5.61916E-02   3.02542E+02
 5.57053E-02   3.02787E+02
 5.61660E-02   3.03664E+02
 5.63399E-02   3.03935E+02
 5.58002E-02   3.03677E+02
 5.64336E-02   3.04639E+02
 5.63205E-02   3.05423E+02
 5.59733E-02   3.06252E+02
 5.69038E-02   3.07457E+02
 5.63502E-02   3.07830E+02
 5.59128E-02   3.07482E+02
 5.66534E-02   3.08579E+02
 5.59310E-02   3.09393E+02
 5.61107E-02   3.09810E+02
 5.67971E-02   3.11541E+02
 5.60242E-02   3.11418E+02
 5.59779E-02   3.11066E+02
 5.62034E-02   3.12679E+02
 5.63968E-02   3.13441E+02
 5.65928E-02   3.13985E+02
 5.62782E-02   3.14666E+02
 5.61853E-02   3.15119E+02
 5.58284E-02   3.15529E+02
 5.59112E-02   3.16746E+02
 5.62773E-02   3.18675E+02
 5.62905E-02   3.18071E+02
 5.64265E-02   3.17744E+02
