/rn,a,b/nx0/ls1
283 -0.282 0.282 0 OUTPUT_AMP_PHASE Wavelength=0.564
 0.00000E+00   0.00000E+00
 0.00000E+00   0.00000E+00
 0.00000E+00   0.00000E+00
 0.00000E+00   0.00000E+00
 0.00000E+00   0.00000E+00
 0.00000E+00   0.00000E+00
 0.00000E+00   0.00000E+00
 0.00000E+00   0.00000E+00
 0.00000E+00   0.00000E+00
 0.00000E+00   0.00000E+00
 0.00000E+00   0.00000E+00
 0.00000E+00   0.00000E+00
 0.00000E+00   0.00000E+00
 0.00000E+00   0.00000E+00
 0.00000E+00   0.00000E+00
 0.00000E+00   0.00000E+00
 0.00000E+00   0.00000E+00
 0.00000E+00   0.00000E+00
 0.00000E+00   0.00000E+00
 0.00000E+00   0.00000E+00
 0.00000E+00   0.00000E+00
 0.00000E+00   0.00000E+00
 0.00000E+00   0.00000E+00
 0.00000E+00   0.00000E+00
 0.00000E+00   0.00000E+00
 0.00000E+00   0.00000E+00
 0.00000E+00   0.00000E+00
 0.00000E+00   0.00000E+00
 0.00000E+00   0.00000E+00
 0.00000E+00   0.00000E+00
 0.00000E+00   0.00000E+00
 0.00000E+00   0.00000E+00
 0.00000E+00   0.00000E+00
 0.00000E+00   0.00000E+00
 0.00000E+00   0.00000E+00
 0.00000E+00   0.00000E+00
 0.00000E+00   0.00000E+00
 0.00000E+00   0.00000E+00
 0.00000E+00   0.00000E+00
 0.00000E+00   0.00000E+00
 0.00000E+00   0.00000E+00
 0.00000E+00   0.00000E+00
 0.00000E+00   0.00000E+00
 0.00000E+00   0.00000E+00
 0.00000E+00   0.00000E+00
 0.00000E+00   0.00000E+00
 0.00000E+00   0.00000E+00
 0.00000E+00   0.00000E+00
 0.00000E+00   0.00000E+00
 0.00000E+00   0.00000E+00
 0.00000E+00   0.00000E+00
 0.00000E+00   0.00000E+00
 0.00000E+00   0.00000E+00
 0.00000E+00   0.00000E+00
 0.00000E+00   0.00000E+00
 0.00000E+00   0.00000E+00
 0.00000E+00   0.00000E+00
 0.00000E+00   0.00000E+00
 0.00000E+00   0.00000E+00
 0.00000E+00   0.00000E+00
 0.00000E+00   0.00000E+00
 0.00000E+00   0.00000E+00
 0.00000E+00   0.00000E+00
 0.00000E+00   0.00000E+00
 0.00000E+00   0.00000E+00
 0.00000E+00   0.00000E+00
 0.00000E+00   0.00000E+00
 0.00000E+00   0.00000E+00
 0.00000E+00   0.00000E+00
 0.00000E+00   0.00000E+00
 0.00000E+00   0.00000E+00
 0.00000E+00   0.00000E+00
 0.00000E+00   0.00000E+00
 0.00000E+00   0.00000E+00
 0.00000E+00   0.00000E+00
 0.00000E+00   0.00000E+00
 0.00000E+00   0.00000E+00
 0.00000E+00   0.00000E+00
 0.00000E+00   0.00000E+00
 0.00000E+00   0.00000E+00
 0.00000E+00   0.00000E+00
 0.00000E+00   0.00000E+00
 0.00000E+00   0.00000E+00
 0.00000E+00   0.00000E+00
 0.00000E+00   0.00000E+00
 0.00000E+00   0.00000E+00
 0.00000E+00   0.00000E+00
 0.00000E+00   0.00000E+00
 0.00000E+00   0.00000E+00
 0.00000E+00   0.00000E+00
 0.00000E+00   0.00000E+00
 0.00000E+00   0.00000E+00
 0.00000E+00   0.00000E+00
 0.00000E+00   0.00000E+00
 0.00000E+00   0.00000E+00
 0.00000E+00   0.00000E+00
 0.00000E+00   0.00000E+00
 0.00000E+00   0.00000E+00
 0.00000E+00   0.00000E+00
 0.00000E+00   0.00000E+00
 0.00000E+00   0.00000E+00
 0.00000E+00   0.00000E+00
 0.00000E+00   0.00000E+00
 0.00000E+00   0.00000E+00
 0.00000E+00   0.00000E+00
 0.00000E+00   0.00000E+00
 0.00000E+00   0.00000E+00
 0.00000E+00   0.00000E+00
 0.00000E+00   0.00000E+00
 0.00000E+00   0.00000E+00
 0.00000E+00   0.00000E+00
 0.00000E+00   0.00000E+00
 0.00000E+00   0.00000E+00
 0.00000E+00   0.00000E+00
 0.00000E+00   0.00000E+00
 0.00000E+00   0.00000E+00
 0.00000E+00   0.00000E+00
 0.00000E+00   0.00000E+00
 0.00000E+00   0.00000E+00
 0.00000E+00   0.00000E+00
 0.00000E+00   0.00000E+00
 0.00000E+00   0.00000E+00
 0.00000E+00   0.00000E+00
 0.00000E+00   0.00000E+00
 0.00000E+00   0.00000E+00
 0.00000E+00   0.00000E+00
 0.00000E+00   0.00000E+00
 0.00000E+00   0.00000E+00
 0.00000E+00   0.00000E+00
 0.00000E+00   0.00000E+00
 0.00000E+00   0.00000E+00
 0.00000E+00   0.00000E+00
 0.00000E+00   0.00000E+00
 0.00000E+00   0.00000E+00
 0.00000E+00   0.00000E+00
 0.00000E+00   0.00000E+00
 0.00000E+00   0.00000E+00
 0.00000E+00   0.00000E+00
 1.48399E-30   1.10994E+02
 1.15776E-03   2.93271E+02
 1.38065E-03   3.14422E+02
 1.42682E-03   2.67623E+01
 2.33007E-03   3.71378E+01
 3.16607E-03   3.50487E+01
 3.97041E-03   3.23259E+01
 4.79952E-03   2.92783E+01
 5.63004E-03   2.73281E+01
 6.47251E-03   2.54520E+01
 7.33056E-03   2.42053E+01
 8.17244E-03   2.31487E+01
 9.03992E-03   2.23175E+01
 9.88088E-03   2.16987E+01
 1.07414E-02   2.11990E+01
 1.15786E-02   2.07966E+01
 1.24326E-02   2.05216E+01
 1.32542E-02   2.02879E+01
 1.41069E-02   2.01409E+01
 1.49016E-02   2.00457E+01
 1.57548E-02   1.99837E+01
 1.65212E-02   2.00205E+01
 1.73687E-02   1.99859E+01
 1.81183E-02   2.01792E+01
 1.89363E-02   2.01507E+01
 1.96938E-02   2.04290E+01
 2.04607E-02   2.04855E+01
 2.12309E-02   2.07747E+01
 2.19546E-02   2.09296E+01
 2.27261E-02   2.12488E+01
 2.34147E-02   2.14527E+01
 2.41894E-02   2.18171E+01
 2.48421E-02   2.20642E+01
 2.56183E-02   2.24499E+01
 2.62495E-02   2.27559E+01
 2.70125E-02   2.31323E+01
 2.76343E-02   2.35266E+01
 2.83773E-02   2.38488E+01
 2.90016E-02   2.43433E+01
 2.96980E-02   2.46216E+01
 3.03564E-02   2.51792E+01
 3.09683E-02   2.54705E+01
 3.16750E-02   2.60433E+01
 3.21950E-02   2.64022E+01
 3.29273E-02   2.69661E+01
 3.33821E-02   2.74178E+01
 3.40896E-02   2.79801E+01
 3.45433E-02   2.85317E+01
 3.51518E-02   2.90998E+01
 3.56825E-02   2.97491E+01
 3.61502E-02   3.03184E+01
 3.67814E-02   3.10341E+01
 3.71437E-02   3.16099E+01
 3.78363E-02   3.23365E+01
 3.81766E-02   3.29046E+01
 3.88420E-02   3.36173E+01
 3.92520E-02   3.41501E+01
 3.97786E-02   3.48462E+01
 4.03290E-02   3.53726E+01
 4.06466E-02   3.60438E+01
 4.13191E-02   3.66537E+01
 4.14954E-02   3.72989E+01
 4.21488E-02   3.80797E+01
 4.23878E-02   3.87061E+01
 4.28407E-02   3.96902E+01
 4.33426E-02   4.02884E+01
 4.35288E-02   4.13918E+01
 4.42990E-02   4.20049E+01
 4.43632E-02   4.29763E+01
 4.51280E-02   4.37485E+01
 4.53556E-02   4.43597E+01
 4.57436E-02   4.54014E+01
 4.63213E-02   4.57179E+01
 4.62324E-02   4.69607E+01
 4.70356E-02   4.73676E+01
 4.68519E-02   4.85096E+01
 4.74948E-02   4.94589E+01
 4.78004E-02   5.01379E+01
 4.79908E-02   5.16544E+01
 4.89156E-02   5.18981E+01
 4.87947E-02   5.33502E+01
 4.97155E-02   5.37458E+01
 4.97505E-02   5.44621E+01
 4.99167E-02   5.55835E+01
 5.03787E-02   5.57016E+01
 4.98915E-02   5.73440E+01
 5.05246E-02   5.78014E+01
 5.03948E-02   5.90333E+01
 5.07592E-02   6.04614E+01
 5.16201E-02   6.07844E+01
 5.16723E-02   6.25086E+01
 5.27778E-02   6.27590E+01
 5.29277E-02   6.36178E+01
 5.30734E-02   6.49309E+01
 5.35820E-02   6.49823E+01
 5.29370E-02   6.69888E+01
 5.34723E-02   6.75193E+01
 5.34533E-02   6.86430E+01
 5.36111E-02   7.02695E+01
 5.45650E-02   7.01763E+01
 5.44801E-02   7.18876E+01
 5.51047E-02   7.21887E+01
 5.52217E-02   7.31524E+01
 5.49355E-02   7.46912E+01
 5.53376E-02   7.54237E+01
 5.53033E-02   7.70022E+01
 5.57267E-02   7.79335E+01
 5.64227E-02   7.87898E+01
 5.66872E-02   7.94775E+01
 5.70049E-02   8.05004E+01
 5.71220E-02   8.11501E+01
 5.69307E-02   8.24920E+01
 5.70511E-02   8.39389E+01
 5.74580E-02   8.48446E+01
 5.77804E-02   8.65436E+01
 5.83720E-02   8.73963E+01
 5.86698E-02   8.82377E+01
 5.84527E-02   8.92812E+01
 5.84158E-02   8.98287E+01
 5.83492E-02   9.03829E+01
 5.85179E-02   9.15524E+01
 5.92921E-02   9.25667E+01
 5.99919E-02   9.37771E+01
 6.03289E-02   9.57296E+01
 6.05085E-02   9.64264E+01
 6.01485E-02   9.74831E+01
 5.97948E-02   9.86174E+01
 6.00247E-02   9.88600E+01
 6.03130E-02   1.00497E+02
 6.09236E-02   1.01664E+02
 6.12406E-02   1.02291E+02
 6.13470E-02   1.03750E+02
 6.16029E-02   1.04822E+02
 6.15803E-02   1.05510E+02
 6.20628E-02   1.06930E+02
 6.20742E-02   1.08015E+02
 6.18407E-02   1.08158E+02
 6.23581E-02   1.09919E+02
 6.22405E-02   1.11478E+02
 6.26127E-02   1.11816E+02
 6.35031E-02   1.12976E+02
 6.29055E-02   1.14811E+02
 6.24044E-02   1.16250E+02
 6.35217E-02   1.16050E+02
 6.47069E-02   1.16515E+02
