/rn,a,b/nx0/ls1
283 -0.282 0.282 0 OUTPUT_AMP_PHASE Wavelength=0.564
 0.00000E+00   0.00000E+00
 0.00000E+00   0.00000E+00
 0.00000E+00   0.00000E+00
 0.00000E+00   0.00000E+00
 0.00000E+00   0.00000E+00
 0.00000E+00   0.00000E+00
 0.00000E+00   0.00000E+00
 0.00000E+00   0.00000E+00
 0.00000E+00   0.00000E+00
 0.00000E+00   0.00000E+00
 0.00000E+00   0.00000E+00
 0.00000E+00   0.00000E+00
 0.00000E+00   0.00000E+00
 0.00000E+00   0.00000E+00
 0.00000E+00   0.00000E+00
 0.00000E+00   0.00000E+00
 0.00000E+00   0.00000E+00
 0.00000E+00   0.00000E+00
 0.00000E+00   0.00000E+00
 0.00000E+00   0.00000E+00
 0.00000E+00   0.00000E+00
 0.00000E+00   0.00000E+00
 0.00000E+00   0.00000E+00
 0.00000E+00   0.00000E+00
 0.00000E+00   0.00000E+00
 0.00000E+00   0.00000E+00
 0.00000E+00   0.00000E+00
 0.00000E+00   0.00000E+00
 0.00000E+00   0.00000E+00
 0.00000E+00   0.00000E+00
 0.00000E+00   0.00000E+00
 0.00000E+00   0.00000E+00
 0.00000E+00   0.00000E+00
 0.00000E+00   0.00000E+00
 0.00000E+00   0.00000E+00
 0.00000E+00   0.00000E+00
 0.00000E+00   0.00000E+00
 0.00000E+00   0.00000E+00
 0.00000E+00   0.00000E+00
 0.00000E+00   0.00000E+00
 0.00000E+00   0.00000E+00
 0.00000E+00   0.00000E+00
 0.00000E+00   0.00000E+00
 0.00000E+00   0.00000E+00
 0.00000E+00   0.00000E+00
 0.00000E+00   0.00000E+00
 0.00000E+00   0.00000E+00
 0.00000E+00   0.00000E+00
 0.00000E+00   0.00000E+00
 0.00000E+00   0.00000E+00
 0.00000E+00   0.00000E+00
 0.00000E+00   0.00000E+00
 0.00000E+00   0.00000E+00
 0.00000E+00   0.00000E+00
 0.00000E+00   0.00000E+00
 0.00000E+00   0.00000E+00
 0.00000E+00   0.00000E+00
 0.00000E+00   0.00000E+00
 0.00000E+00   0.00000E+00
 0.00000E+00   0.00000E+00
 0.00000E+00   0.00000E+00
 0.00000E+00   0.00000E+00
 0.00000E+00   0.00000E+00
 0.00000E+00   0.00000E+00
 0.00000E+00   0.00000E+00
 0.00000E+00   0.00000E+00
 0.00000E+00   0.00000E+00
 0.00000E+00   0.00000E+00
 0.00000E+00   0.00000E+00
 0.00000E+00   0.00000E+00
 0.00000E+00   0.00000E+00
 0.00000E+00   0.00000E+00
 0.00000E+00   0.00000E+00
 0.00000E+00   0.00000E+00
 0.00000E+00   0.00000E+00
 0.00000E+00   0.00000E+00
 0.00000E+00   0.00000E+00
 0.00000E+00   0.00000E+00
 0.00000E+00   0.00000E+00
 0.00000E+00   0.00000E+00
 0.00000E+00   0.00000E+00
 0.00000E+00   0.00000E+00
 0.00000E+00   0.00000E+00
 0.00000E+00   0.00000E+00
 0.00000E+00   0.00000E+00
 0.00000E+00   0.00000E+00
 0.00000E+00   0.00000E+00
 0.00000E+00   0.00000E+00
 0.00000E+00   0.00000E+00
 0.00000E+00   0.00000E+00
 0.00000E+00   0.00000E+00
 0.00000E+00   0.00000E+00
 0.00000E+00   0.00000E+00
 0.00000E+00   0.00000E+00
 0.00000E+00   0.00000E+00
 0.00000E+00   0.00000E+00
 0.00000E+00   0.00000E+00
 0.00000E+00   0.00000E+00
 0.00000E+00   0.00000E+00
 0.00000E+00   0.00000E+00
 0.00000E+00   0.00000E+00
 0.00000E+00   0.00000E+00
 0.00000E+00   0.00000E+00
 0.00000E+00   0.00000E+00
 0.00000E+00   0.00000E+00
 0.00000E+00   0.00000E+00
 0.00000E+00   0.00000E+00
 0.00000E+00   0.00000E+00
 0.00000E+00   0.00000E+00
 0.00000E+00   0.00000E+00
 0.00000E+00   0.00000E+00
 0.00000E+00   0.00000E+00
 0.00000E+00   0.00000E+00
 0.00000E+00   0.00000E+00
 0.00000E+00   0.00000E+00
 0.00000E+00   0.00000E+00
 0.00000E+00   0.00000E+00
 0.00000E+00   0.00000E+00
 0.00000E+00   0.00000E+00
 0.00000E+00   0.00000E+00
 0.00000E+00   0.00000E+00
 0.00000E+00   0.00000E+00
 0.00000E+00   0.00000E+00
 0.00000E+00   0.00000E+00
 0.00000E+00   0.00000E+00
 0.00000E+00   0.00000E+00
 0.00000E+00   0.00000E+00
 0.00000E+00   0.00000E+00
 0.00000E+00   0.00000E+00
 0.00000E+00   0.00000E+00
 0.00000E+00   0.00000E+00
 0.00000E+00   0.00000E+00
 0.00000E+00   0.00000E+00
 0.00000E+00   0.00000E+00
 0.00000E+00   0.00000E+00
 0.00000E+00   0.00000E+00
 0.00000E+00   0.00000E+00
 0.00000E+00   0.00000E+00
 7.52378E-15   2.28059E+01
 7.05230E-02   2.28059E+01
 6.83681E-02   2.20214E+01
 6.71887E-02   2.16477E+01
 6.69341E-02   2.14405E+01
 6.64666E-02   2.14237E+01
 6.65723E-02   2.11716E+01
 6.62762E-02   2.14968E+01
 6.65262E-02   2.10440E+01
 6.61307E-02   2.17146E+01
 6.66504E-02   2.10975E+01
 6.59566E-02   2.19433E+01
 6.68132E-02   2.13671E+01
 6.58331E-02   2.21701E+01
 6.68925E-02   2.17518E+01
 6.58388E-02   2.25207E+01
 6.68425E-02   2.21181E+01
 6.59537E-02   2.30715E+01
 6.66922E-02   2.24698E+01
 6.61121E-02   2.37453E+01
 6.65086E-02   2.29096E+01
 6.62420E-02   2.44408E+01
 6.63836E-02   2.35099E+01
 6.62597E-02   2.51541E+01
 6.63249E-02   2.42598E+01
 6.62530E-02   2.59365E+01
 6.62063E-02   2.51373E+01
 6.63640E-02   2.67725E+01
 6.59953E-02   2.61720E+01
 6.65788E-02   2.75920E+01
 6.57945E-02   2.74148E+01
 6.68207E-02   2.83490E+01
 6.57356E-02   2.88201E+01
 6.70338E-02   2.90778E+01
 6.59171E-02   3.02508E+01
 6.71542E-02   2.98516E+01
 6.63765E-02   3.15393E+01
 6.71817E-02   3.07399E+01
 6.70095E-02   3.25792E+01
 6.71841E-02   3.17603E+01
 6.76269E-02   3.33769E+01
 6.72430E-02   3.28961E+01
 6.80311E-02   3.40213E+01
 6.74283E-02   3.41500E+01
 6.80698E-02   3.46519E+01
 6.77727E-02   3.55510E+01
 6.77082E-02   3.54416E+01
 6.82703E-02   3.70807E+01
 6.70644E-02   3.65921E+01
 6.88814E-02   3.86570E+01
 6.64527E-02   3.82215E+01
 6.94551E-02   4.01926E+01
 6.63394E-02   4.01985E+01
 6.97125E-02   4.16073E+01
 6.71174E-02   4.22136E+01
 6.94196E-02   4.28280E+01
 6.87625E-02   4.39367E+01
 6.86495E-02   4.38548E+01
 7.06617E-02   4.52272E+01
 6.78780E-02   4.47525E+01
 7.18629E-02   4.62924E+01
 6.77406E-02   4.56589E+01
 7.17424E-02   4.74977E+01
 6.86286E-02   4.68247E+01
 7.05649E-02   4.90321E+01
 7.02641E-02   4.85335E+01
 6.94661E-02   5.06758E+01
 7.17384E-02   5.08877E+01
 6.96239E-02   5.19451E+01
 7.21210E-02   5.36583E+01
 7.11631E-02   5.27780E+01
 7.13217E-02   5.61922E+01
 7.28637E-02   5.39371E+01
 7.03621E-02   5.76983E+01
 7.32335E-02   5.63418E+01
 7.06639E-02   5.80104E+01
 7.22409E-02   5.99377E+01
 7.27327E-02   5.81688E+01
 7.13831E-02   6.31014E+01
 7.52020E-02   5.95921E+01
 7.19527E-02   6.38704E+01
 7.58605E-02   6.25727E+01
 7.35814E-02   6.28154E+01
 7.40546E-02   6.58510E+01
 7.42615E-02   6.30563E+01
 7.16312E-02   6.75216E+01
 7.30933E-02   6.66269E+01
 7.12636E-02   6.73474E+01
 7.25988E-02   7.12764E+01
 7.33399E-02   6.78798E+01
 7.49389E-02   7.22868E+01
 7.52523E-02   7.09771E+01
 7.86540E-02   7.00680E+01
 7.52720E-02   7.49432E+01
 7.94642E-02   7.02599E+01
 7.48184E-02   7.65077E+01
 7.61093E-02   7.57757E+01
 7.63397E-02   7.55056E+01
 7.36952E-02   8.20401E+01
 7.86674E-02   7.57394E+01
 7.48392E-02   8.24821E+01
 7.80398E-02   7.91095E+01
 7.71442E-02   8.01917E+01
 7.52713E-02   8.34929E+01
 7.70417E-02   8.12895E+01
 7.51300E-02   8.61916E+01
 7.60998E-02   8.41032E+01
 7.83651E-02   8.74237E+01
 7.73905E-02   8.45933E+01
 7.98620E-02   8.81695E+01
 7.89725E-02   8.61645E+01
 7.78250E-02   8.87285E+01
 7.86204E-02   9.15647E+01
 7.71449E-02   9.10017E+01
 7.86193E-02   9.54212E+01
 7.94238E-02   9.47059E+01
 7.91798E-02   9.52810E+01
 7.98939E-02   9.57053E+01
 7.80478E-02   9.59818E+01
 7.87634E-02   9.50667E+01
 7.72956E-02   9.77460E+01
 8.04719E-02   9.84554E+01
 8.04174E-02   9.85253E+01
 8.20886E-02   1.02429E+02
 8.24211E-02   1.01696E+02
 7.95006E-02   1.01867E+02
 7.97696E-02   1.06053E+02
 7.90255E-02   1.03389E+02
 7.84058E-02   1.05039E+02
 8.12395E-02   1.08094E+02
 8.11263E-02   1.05444E+02
 8.04137E-02   1.07985E+02
 8.26057E-02   1.11457E+02
 8.11209E-02   1.10098E+02
 8.12351E-02   1.10238E+02
 8.12576E-02   1.14115E+02
 8.07829E-02   1.10551E+02
 8.18941E-02   1.14656E+02
 7.88414E-02   1.16274E+02
 8.33587E-02   1.15920E+02
 8.36699E-02   1.17473E+02
 8.04893E-02   1.17088E+02
 8.13107E-02   1.22242E+02
 8.15727E-02   1.19098E+02
 8.58173E-02   1.19293E+02
