/rn,a,b/nx0/ls1
283 -0.282 0.282 0 OUTPUT_AMP_PHASE Wavelength=0.564
 0.00000E+00   0.00000E+00
 0.00000E+00   0.00000E+00
 0.00000E+00   0.00000E+00
 0.00000E+00   0.00000E+00
 0.00000E+00   0.00000E+00
 0.00000E+00   0.00000E+00
 0.00000E+00   0.00000E+00
 0.00000E+00   0.00000E+00
 0.00000E+00   0.00000E+00
 0.00000E+00   0.00000E+00
 0.00000E+00   0.00000E+00
 0.00000E+00   0.00000E+00
 0.00000E+00   0.00000E+00
 0.00000E+00   0.00000E+00
 0.00000E+00   0.00000E+00
 0.00000E+00   0.00000E+00
 0.00000E+00   0.00000E+00
 0.00000E+00   0.00000E+00
 0.00000E+00   0.00000E+00
 0.00000E+00   0.00000E+00
 0.00000E+00   0.00000E+00
 0.00000E+00   0.00000E+00
 0.00000E+00   0.00000E+00
 0.00000E+00   0.00000E+00
 0.00000E+00   0.00000E+00
 0.00000E+00   0.00000E+00
 0.00000E+00   0.00000E+00
 0.00000E+00   0.00000E+00
 0.00000E+00   0.00000E+00
 0.00000E+00   0.00000E+00
 0.00000E+00   0.00000E+00
 0.00000E+00   0.00000E+00
 0.00000E+00   0.00000E+00
 0.00000E+00   0.00000E+00
 0.00000E+00   0.00000E+00
 0.00000E+00   0.00000E+00
 0.00000E+00   0.00000E+00
 0.00000E+00   0.00000E+00
 0.00000E+00   0.00000E+00
 0.00000E+00   0.00000E+00
 0.00000E+00   0.00000E+00
 0.00000E+00   0.00000E+00
 0.00000E+00   0.00000E+00
 0.00000E+00   0.00000E+00
 0.00000E+00   0.00000E+00
 0.00000E+00   0.00000E+00
 0.00000E+00   0.00000E+00
 0.00000E+00   0.00000E+00
 0.00000E+00   0.00000E+00
 0.00000E+00   0.00000E+00
 0.00000E+00   0.00000E+00
 0.00000E+00   0.00000E+00
 0.00000E+00   0.00000E+00
 0.00000E+00   0.00000E+00
 0.00000E+00   0.00000E+00
 0.00000E+00   0.00000E+00
 0.00000E+00   0.00000E+00
 0.00000E+00   0.00000E+00
 0.00000E+00   0.00000E+00
 0.00000E+00   0.00000E+00
 0.00000E+00   0.00000E+00
 0.00000E+00   0.00000E+00
 0.00000E+00   0.00000E+00
 0.00000E+00   0.00000E+00
 0.00000E+00   0.00000E+00
 0.00000E+00   0.00000E+00
 0.00000E+00   0.00000E+00
 0.00000E+00   0.00000E+00
 0.00000E+00   0.00000E+00
 0.00000E+00   0.00000E+00
 0.00000E+00   0.00000E+00
 0.00000E+00   0.00000E+00
 0.00000E+00   0.00000E+00
 0.00000E+00   0.00000E+00
 0.00000E+00   0.00000E+00
 0.00000E+00   0.00000E+00
 0.00000E+00   0.00000E+00
 0.00000E+00   0.00000E+00
 0.00000E+00   0.00000E+00
 0.00000E+00   0.00000E+00
 0.00000E+00   0.00000E+00
 0.00000E+00   0.00000E+00
 0.00000E+00   0.00000E+00
 0.00000E+00   0.00000E+00
 0.00000E+00   0.00000E+00
 0.00000E+00   0.00000E+00
 0.00000E+00   0.00000E+00
 0.00000E+00   0.00000E+00
 0.00000E+00   0.00000E+00
 0.00000E+00   0.00000E+00
 0.00000E+00   0.00000E+00
 0.00000E+00   0.00000E+00
 0.00000E+00   0.00000E+00
 0.00000E+00   0.00000E+00
 0.00000E+00   0.00000E+00
 0.00000E+00   0.00000E+00
 0.00000E+00   0.00000E+00
 0.00000E+00   0.00000E+00
 0.00000E+00   0.00000E+00
 0.00000E+00   0.00000E+00
 0.00000E+00   0.00000E+00
 0.00000E+00   0.00000E+00
 0.00000E+00   0.00000E+00
 0.00000E+00   0.00000E+00
 0.00000E+00   0.00000E+00
 0.00000E+00   0.00000E+00
 0.00000E+00   0.00000E+00
 0.00000E+00   0.00000E+00
 0.00000E+00   0.00000E+00
 0.00000E+00   0.00000E+00
 0.00000E+00   0.00000E+00
 0.00000E+00   0.00000E+00
 0.00000E+00   0.00000E+00
 0.00000E+00   0.00000E+00
 0.00000E+00   0.00000E+00
 0.00000E+00   0.00000E+00
 0.00000E+00   0.00000E+00
 0.00000E+00   0.00000E+00
 0.00000E+00   0.00000E+00
 0.00000E+00   0.00000E+00
 0.00000E+00   0.00000E+00
 0.00000E+00   0.00000E+00
 0.00000E+00   0.00000E+00
 0.00000E+00   0.00000E+00
 0.00000E+00   0.00000E+00
 0.00000E+00   0.00000E+00
 0.00000E+00   0.00000E+00
 0.00000E+00   0.00000E+00
 0.00000E+00   0.00000E+00
 0.00000E+00   0.00000E+00
 0.00000E+00   0.00000E+00
 0.00000E+00   0.00000E+00
 0.00000E+00   0.00000E+00
 0.00000E+00   0.00000E+00
 0.00000E+00   0.00000E+00
 0.00000E+00   0.00000E+00
 0.00000E+00   0.00000E+00
 0.00000E+00   0.00000E+00
 1.48384E-30   1.10945E+02
 1.30233E-03   3.25102E+02
 1.91866E-03   3.42187E+02
 1.77257E-03   2.38230E+01
 2.42752E-03   3.44662E+01
 3.18682E-03   3.35151E+01
 3.97443E-03   3.13138E+01
 4.80464E-03   2.86394E+01
 5.64223E-03   2.68570E+01
 6.48919E-03   2.51601E+01
 7.35048E-03   2.39585E+01
 8.19405E-03   2.30099E+01
 9.05951E-03   2.21662E+01
 9.90171E-03   2.16245E+01
 1.07570E-02   2.10884E+01
 1.15959E-02   2.07503E+01
 1.24444E-02   2.04235E+01
 1.32671E-02   2.02518E+01
 1.41152E-02   2.00479E+01
 1.49108E-02   2.00100E+01
 1.57604E-02   1.98986E+01
 1.65275E-02   1.99822E+01
 1.73715E-02   1.99093E+01
 1.81239E-02   2.01394E+01
 1.89373E-02   2.00873E+01
 1.96991E-02   2.03882E+01
 2.04632E-02   2.04468E+01
 2.12356E-02   2.07364E+01
 2.19604E-02   2.09241E+01
 2.27299E-02   2.12197E+01
 2.34251E-02   2.14831E+01
 2.41925E-02   2.18036E+01
 2.48571E-02   2.21294E+01
 2.56224E-02   2.24587E+01
 2.62690E-02   2.28508E+01
 2.70169E-02   2.31644E+01
 2.76579E-02   2.36387E+01
 2.83824E-02   2.38997E+01
 2.90241E-02   2.44505E+01
 2.97059E-02   2.46840E+01
 3.03714E-02   2.52573E+01
 3.09789E-02   2.55292E+01
 3.16793E-02   2.60730E+01
 3.22063E-02   2.64405E+01
 3.29177E-02   2.69365E+01
 3.33917E-02   2.74228E+01
 3.40641E-02   2.78991E+01
 3.45482E-02   2.84994E+01
 3.51142E-02   2.89927E+01
 3.56771E-02   2.96921E+01
 3.61095E-02   3.02228E+01
 3.67625E-02   3.09764E+01
 3.71092E-02   3.15642E+01
 3.78071E-02   3.23023E+01
 3.81538E-02   3.29322E+01
 3.88099E-02   3.36186E+01
 3.92413E-02   3.42463E+01
 3.97521E-02   3.48752E+01
 4.03270E-02   3.54982E+01
 4.06325E-02   3.60772E+01
 4.13235E-02   3.67516E+01
 4.14949E-02   3.73128E+01
 4.21632E-02   3.81025E+01
 4.23966E-02   3.86987E+01
 4.28765E-02   3.96246E+01
 4.33566E-02   4.02876E+01
 4.35959E-02   4.12690E+01
 4.43233E-02   4.20445E+01
 4.44520E-02   4.28605E+01
 4.51772E-02   4.38259E+01
 4.54284E-02   4.43122E+01
 4.58190E-02   4.54622E+01
 4.63300E-02   4.57545E+01
 4.63024E-02   4.69355E+01
 4.69610E-02   4.74519E+01
 4.68612E-02   4.83845E+01
 4.73827E-02   4.95312E+01
 4.77153E-02   4.99989E+01
 4.79341E-02   5.16697E+01
 4.87840E-02   5.18651E+01
 4.88505E-02   5.33093E+01
 4.96611E-02   5.38438E+01
 4.98617E-02   5.44118E+01
 5.00177E-02   5.56995E+01
 5.04012E-02   5.56985E+01
 5.00538E-02   5.73557E+01
 5.03817E-02   5.78721E+01
 5.04170E-02   5.89792E+01
 5.05707E-02   6.05657E+01
 5.14390E-02   6.08060E+01
 5.16561E-02   6.25365E+01
 5.25969E-02   6.28424E+01
 5.31430E-02   6.35123E+01
 5.31137E-02   6.48753E+01
 5.38186E-02   6.48317E+01
 5.31204E-02   6.67628E+01
 5.34852E-02   6.74931E+01
 5.35415E-02   6.85761E+01
 5.34470E-02   7.04170E+01
 5.45552E-02   7.04547E+01
 5.43938E-02   7.20083E+01
 5.51648E-02   7.24318E+01
 5.53080E-02   7.30947E+01
 5.49695E-02   7.45340E+01
 5.54066E-02   7.53317E+01
 5.51379E-02   7.67932E+01
 5.56579E-02   7.79736E+01
 5.63324E-02   7.89142E+01
 5.66660E-02   7.94999E+01
 5.72381E-02   8.05599E+01
 5.72715E-02   8.10512E+01
 5.70487E-02   8.22211E+01
 5.71051E-02   8.39642E+01
 5.71707E-02   8.47933E+01
 5.75773E-02   8.66965E+01
 5.82391E-02   8.76635E+01
 5.85479E-02   8.81117E+01
 5.86337E-02   8.92965E+01
 5.85481E-02   8.96727E+01
 5.83558E-02   9.03304E+01
 5.85284E-02   9.18571E+01
 5.92438E-02   9.27666E+01
 5.98666E-02   9.38473E+01
 6.03965E-02   9.56397E+01
 6.05733E-02   9.61856E+01
 6.00492E-02   9.71643E+01
 5.98913E-02   9.89344E+01
 6.00710E-02   9.91277E+01
 6.02553E-02   1.00286E+02
 6.09989E-02   1.01891E+02
 6.13035E-02   1.01887E+02
 6.11702E-02   1.03301E+02
 6.15153E-02   1.05428E+02
 6.17720E-02   1.05631E+02
 6.18236E-02   1.06546E+02
 6.18734E-02   1.08021E+02
 6.23161E-02   1.08267E+02
 6.21898E-02   1.09817E+02
 6.18599E-02   1.11554E+02
 6.30493E-02   1.12137E+02
 6.36756E-02   1.12832E+02
 6.26943E-02   1.14328E+02
 6.25256E-02   1.16242E+02
 6.37688E-02   1.16296E+02
 6.43295E-02   1.16705E+02
