00000.0000  00088.1066  00000.0000  00088.2642
-0038.2480  00149.3063  -0038.1926  00149.5662
00045.4751  00250.5844  00045.6759  00250.8567
00163.6828  00391.0906  00164.1301  00391.2743
00316.8713  00570.0096  00317.6645  00570.0057
00505.3461  00786.6275  00506.5779  00786.3434
00729.2320  01040.3214  00730.9884  01039.6715
00988.5057  01330.5286  00990.8664  01329.4335
01283.0269  01656.7166  01286.0664  01655.1022
01612.5619  02018.3606  01616.3497  02016.1578
01976.8000  02414.9290  01981.4015  02412.0731
02375.3659  02845.8735  02380.8419  02842.3039
02807.8271  03310.6226  02814.2344  03306.2833
03273.7003  03808.5790  03281.0913  03803.4180
03772.4560  04339.1172  03780.8789  04333.0870
04303.5223  04901.5829  04313.0207  04894.6404
04866.2879  05495.2933  04876.9008  05487.4003


00000.0000  03657.1704  00000.0000  03657.3209
03530.2232  03715.8559  03530.2744  03716.1057
03610.9558  03813.0239  03611.1421  03813.2892
03724.8597  03947.8979  03725.2768  03948.0832
03872.3839  04119.7165  03873.1267  04119.7272
04053.8085  04327.7993  04054.9659  04327.5467
04269.2473  04571.5442  04270.9020  04570.9460
04518.6752  04850.4023  04520.9037  04849.3823
04801.9545  05163.8515  04804.8282  05162.3388
05118.8571  05511.3764  05122.4426  05509.3049
05469.0801  05892.4545  05473.4395  05889.7625
05852.2564  06306.5468  05857.4477  06303.1768
06267.9633  06753.0919  06274.0402  06748.9909
06715.7280  07231.5032  06722.7401  07226.6223
07195.0321  07741.1666  07203.0246  07735.4610
07705.3158  08281.4400  07714.3294  08274.8698
08245.9804  08851.6540  08256.0514  08844.1834


00000.0000  07060.6398  00000.0000  07060.7829
06933.0972  07116.8549  06933.1442  07117.0940
07010.8689  07209.9785  07011.0409  07210.2359
07120.5188  07339.3033  07120.9058  07339.4891
07262.4496  07504.1199  07263.1417  07504.1443
07436.9148  07703.7812  07437.9972  07703.5594
07644.0167  07937.7060  07645.5684  07937.1593
07883.7265  08205.3588  07885.8209  08204.4142
08155.9084  08506.2277  08158.6138  08504.8175
08460.3387  08839.8061  08463.7187  08837.8672
08796.7208  09205.5799  08800.8347  09203.0535
09164.6954  09603.0187  09169.5983  09599.8503
09563.8483  10031.5703  09569.5913  10027.7096
09993.7162  10490.6581  10000.3461  10486.0588
10453.7910  10979.6785  10461.3506  10974.2986
10943.5238  11498.0011  10952.0516  11491.8029
11462.3280  12044.9691  11471.8582  12037.9193


00000.0000  10300.4310  00000.0000  10300.5673
10172.2962  10354.2101  10172.3396  10354.4393
10247.1238  10443.3400  10247.2832  10443.5898
10352.5507  10567.1784  10352.9109  10567.3639
10488.9346  10725.0656  10489.5810  10725.1017
10656.5025  10916.3875  10657.5159  10916.1935
10855.3436  11140.5832  10856.7987  11140.0846
11085.4247  11397.1307  11087.3906  11396.2584
11346.6104  11685.5275  11349.1508  11684.2179
11638.6805  12005.2751  11641.8547  12003.4690
11961.3430  12355.8672  11965.2064  12353.5089
12314.2447  12736.7813  12318.8491  12733.8185
12696.9777  13147.4737  12702.3724  13143.8566
13109.0853  13587.3768  13115.3175  13583.0575
13550.0665  14055.8973  13557.1819  14050.8290
14019.3792  14552.4160  14027.4229  14546.5518
14516.4436  15076.2879  14525.4612  15069.5803


00000.0000  13377.6330  00000.0000  13377.7613
13248.9147  13428.9995  13248.9540  13429.2170
13320.8025  13514.1682  13320.9478  13514.4082
13422.0197  13632.5570  13422.3497  13632.7409
13552.8794  13783.5546  13553.4742  13783.6022
13713.5807  13966.5790  13714.5168  13966.4141
13904.1981  14181.0900  13905.5467  14180.6413
14124.6921  14426.5783  14126.5189  14425.7802
14374.9260  14702.5507  14377.2919  14701.3422
14654.6810  15008.5158  14657.6428  15006.8399
14963.6688  15343.9734  14967.2794  15341.7768
15301.5404  15708.4070  15305.8500  15705.6391
15667.8936  16101.2794  15672.9497  16097.8917
16062.2776  16522.0293  16068.1260  16517.9751
16484.1978  16970.0705  16490.8834  16965.3035
16933.1192  17444.7911  16940.6867  17439.2647
17408.4693  17945.5541  17416.9643  17939.2204


00000.0000  16292.3377  00000.0000  16292.4572
16163.0575  16341.3010  16163.0930  16341.5045
16231.9895  16422.5177  16232.1212  16422.7447
16328.9808  16535.4623  16329.2815  16535.6401
16454.3011  16679.5696  16454.8457  16679.6236
16608.1213  16854.2895  16608.9816  16854.1480
16790.4994  17059.1016  16791.7429  17058.6977
17001.3881  17293.5089  17003.0766  17292.7806
17240.6470  17557.0258  17242.8382  17555.9158
17508.0569  17849.1654  17510.8041  17847.6205
17803.3299  18169.4307  17806.6830  18167.4010
18126.1185  18517.3072  18130.1244  18514.7456
18476.0214  18892.2585  18480.7245  18889.1202
18852.5888  19293.7235  18858.0318  19289.9649
19255.3261  19721.1148  19261.5512  19716.6932
19683.6977  20173.8185  19690.7466  20168.6907
20137.1293  20651.1940  20145.0448  20645.3154


00000.0000  19043.4107  00000.0000  19043.5224
18913.6068  19089.9622  18913.6386  19090.1536
18979.5451  19167.2078  18979.6637  19167.4238
19072.2633  19274.6740  19072.5355  19274.8476
19191.9883  19411.8392  19192.4833  19411.9008
19338.8612  19578.1838  19339.6459  19578.0658
19512.9220  19773.2062  19514.0588  19772.8455
19714.1124  19996.4204  19715.6590  19995.7586
19942.2867  20247.3466  19944.2959  20246.3295
20197.2221  20525.5006  20199.7426  20524.0784
20478.6292  20830.3860  20481.7059  20828.5121
20786.1586  21161.4876  20789.8333  21159.1183
21119.4077  21518.2669  21123.7194  21515.3608
21477.9246  21900.1598  21482.9105  21896.6770
21861.2121  22306.5748  21866.9083  22302.4761
22268.7308  22736.8923  22275.1731  22732.1383
22699.9017  23190.4652  22707.1263  23185.0152


00000.0000  21628.2079  00000.0000  21628.3097
21497.9482  21672.3187  21497.9763  21672.4941
21560.8224  21745.5385  21560.9278  21745.7381
21649.1743  21847.4418  21649.4172  21847.6050
21763.1878  21977.5477  21763.6315  21977.6106
21902.9729  22135.3655  21903.6790  22135.2658
22068.5484  22320.4112  22069.5746  22320.0903
22259.8425  22532.2082  22261.2422  22531.6117
22476.7003  22770.2802  22478.5220  22769.3581
22718.8922  23034.1432  22721.1806  23032.8493
22986.1228  23323.2981  22988.9188  23321.5895
23278.0372  23637.2248  23281.3786  23635.0615
23594.2264  23975.3786  23598.1485  23972.7227
23934.2317  24337.1872  23938.7677  24334.0024
24297.5476  24722.0493  24302.7296  24718.2998
24683.6251  25129.3338  24689.4849  25124.9838
25091.8738  25558.3799  25098.4439  25553.3920


00000.0000  24042.1684  00000.0000  24042.2583
23911.5704  24083.7805  23911.5949  24083.9357
23971.2692  24152.8724  23971.3614  24153.0492
24055.1031  24249.0615  24055.3167  24249.2059
24163.2136  24371.9050  24163.6054  24371.9593
24295.6772  24520.9381  24296.3028  24520.8458
24452.4887  24695.6924  24453.4003  24695.4002
24633.5587  24895.6973  24634.8039  24895.1561
24838.7181  25120.4762  24840.3401  25119.6412
25067.7254  25369.5396  25069.7630  25368.3699
25320.2730  25642.3788  25322.7610  25640.8373
25595.9932  25938.4608  25598.9629  25936.5135
25894.4623  26257.2242  25897.9420  26254.8396
26215.2046  26598.0769  26219.2201  26595.2254
26557.6947  26960.3935  26562.2701  26957.0469
26921.3603  27343.5153  26926.5189  27339.6454
27305.5838  27746.7487  27311.3488  27742.3268


00000.0000  26278.2933  00000.0000  26278.3676
26147.5341  26317.3126  26147.5547  26317.4404
26203.8957  26382.1120  26203.9735  26382.2564
26282.9875  26472.3466  26283.1686  26472.4610
26384.9063  26587.6060  26385.2405  26587.6403
26509.6913  26727.4483  26510.2276  26727.3525
26657.3074  26891.4163  26658.0922  26891.1431
26827.6411  27079.0425  26828.7171  27078.5480
27020.5034  27289.8463  27021.9094  27289.0902
27235.6345  27523.3299  27237.4057  27522.2755
27472.7099  27778.9727  27474.8776  27777.5864
27731.3447  28056.2277  27733.9375  28054.4786
28011.0981  28354.5179  28014.1419  28352.3773
28311.4766  28673.2343  28314.9956  28670.6749
28631.9371  29011.7342  28635.9539  29008.7293
28971.8886  29369.3404  28976.4258  29365.8632
29330.6949  29745.3415  29335.7758  29741.3638


00000.0000  28326.4343  00000.0000  28326.4900
28195.8131  28362.7110  28195.8298  28362.8054
28248.5924  28422.9623  28248.6559  28423.0649
28322.6016  28506.8754  28322.7500  28506.9473
28417.8913  28614.0678  28418.1664  28614.0665
28534.4995  28744.1151  28534.9027  28743.9980
28672.2354  28896.5669  28672.8860  28896.2933
28831.0743  29070.9517  28831.9682  29070.4841
29010.7586  29266.7772  29011.9279  29266.0812
29211.0002  29483.5264  29212.4737  29482.5710
29431.4458  29720.6543  29433.2486  29719.4116
29671.6798  29977.5842  29673.8338  29976.0289
29931.2281  30253.7049  29933.7528  30251.8139
30209.5610  30548.3686  30212.4737  30546.1204
30506.0955  30860.8896  30509.4121  30858.2633
30820.1970  31190.5429  30823.9329  31187.5177
31151.1815  31536.5647  31155.3526  31533.1186









