/rn,a,b/nx0/ls1
283 -0.282 0.282 0 OUTPUT_AMP_PHASE Wavelength=0.564
 1.24062E+00   2.17697E+02
 1.25230E+00   2.16953E+02
 1.26335E+00   2.16205E+02
 1.27419E+00   2.15473E+02
 1.28553E+00   2.14780E+02
 1.29683E+00   2.14100E+02
 1.30816E+00   2.13354E+02
 1.32090E+00   2.12615E+02
 1.33337E+00   2.11950E+02
 1.34414E+00   2.11274E+02
 1.35572E+00   2.10573E+02
 1.36785E+00   2.09888E+02
 1.38017E+00   2.09179E+02
 1.39319E+00   2.08476E+02
 1.40562E+00   2.07825E+02
 1.41800E+00   2.07144E+02
 1.43016E+00   2.06462E+02
 1.44306E+00   2.05795E+02
 1.45658E+00   2.05102E+02
 1.46934E+00   2.04458E+02
 1.48316E+00   2.03811E+02
 1.49623E+00   2.03162E+02
 1.50915E+00   2.02532E+02
 1.52334E+00   2.01867E+02
 1.53650E+00   2.01223E+02
 1.55038E+00   2.00578E+02
 1.56457E+00   1.99936E+02
 1.57800E+00   1.99315E+02
 1.59242E+00   1.98692E+02
 1.60680E+00   1.98077E+02
 1.62081E+00   1.97467E+02
 1.63578E+00   1.96855E+02
 1.65005E+00   1.96243E+02
 1.66475E+00   1.95640E+02
 1.67984E+00   1.95028E+02
 1.69457E+00   1.94437E+02
 1.71009E+00   1.93844E+02
 1.72514E+00   1.93265E+02
 1.74059E+00   1.92696E+02
 1.75572E+00   1.92123E+02
 1.77108E+00   1.91564E+02
 1.78658E+00   1.90991E+02
 1.80206E+00   1.90428E+02
 1.81830E+00   1.89862E+02
 1.83398E+00   1.89301E+02
 1.85044E+00   1.88752E+02
 1.86641E+00   1.88207E+02
 1.88244E+00   1.87673E+02
 1.89891E+00   1.87147E+02
 1.91481E+00   1.86621E+02
 1.93174E+00   1.86103E+02
 1.94831E+00   1.85587E+02
 1.96533E+00   1.85068E+02
 1.98265E+00   1.84565E+02
 1.99949E+00   1.84050E+02
 2.01683E+00   1.83556E+02
 2.03360E+00   1.83059E+02
 2.05050E+00   1.82568E+02
 2.06743E+00   1.82092E+02
 2.08420E+00   1.81607E+02
 2.10145E+00   1.81146E+02
 2.11869E+00   1.80673E+02
 2.13625E+00   1.80215E+02
 2.15410E+00   1.79762E+02
 2.17190E+00   1.79304E+02
 2.18999E+00   1.78866E+02
 2.20791E+00   1.78416E+02
 2.22583E+00   1.77985E+02
 2.24375E+00   1.77552E+02
 2.26141E+00   1.77124E+02
 2.27920E+00   1.76713E+02
 2.29683E+00   1.76293E+02
 2.31448E+00   1.75898E+02
 2.33227E+00   1.75494E+02
 2.34993E+00   1.75106E+02
 2.36788E+00   1.74720E+02
 2.38572E+00   1.74336E+02
 2.40370E+00   1.73967E+02
 2.42180E+00   1.73588E+02
 2.43969E+00   1.73228E+02
 2.45793E+00   1.72860E+02
 2.47573E+00   1.72505E+02
 2.49389E+00   1.72154E+02
 2.51166E+00   1.71805E+02
 2.52956E+00   1.71471E+02
 2.54732E+00   1.71132E+02
 2.56488E+00   1.70813E+02
 2.58259E+00   1.70490E+02
 2.59985E+00   1.70183E+02
 2.61739E+00   1.69879E+02
 2.63449E+00   1.69581E+02
 2.65172E+00   1.69294E+02
 2.66877E+00   1.69007E+02
 2.68564E+00   1.68735E+02
 2.70265E+00   1.68459E+02
 2.71916E+00   1.68197E+02
 2.73606E+00   1.67935E+02
 2.75230E+00   1.67682E+02
 2.76893E+00   1.67435E+02
 2.78498E+00   1.67190E+02
 2.80122E+00   1.66958E+02
 2.81712E+00   1.66722E+02
 2.83285E+00   1.66505E+02
 2.84861E+00   1.66280E+02
 2.86379E+00   1.66076E+02
 2.87934E+00   1.65866E+02
 2.89397E+00   1.65673E+02
 2.90921E+00   1.65479E+02
 2.92332E+00   1.65297E+02
 2.93813E+00   1.65119E+02
 2.95177E+00   1.64947E+02
 2.96605E+00   1.64787E+02
 2.97927E+00   1.64626E+02
 2.99291E+00   1.64482E+02
 3.00573E+00   1.64332E+02
 3.01869E+00   1.64203E+02
 3.03110E+00   1.64065E+02
 3.04334E+00   1.63951E+02
 3.05532E+00   1.63825E+02
 3.06682E+00   1.63725E+02
 3.07833E+00   1.63613E+02
 3.08908E+00   1.63525E+02
 3.10008E+00   1.63427E+02
 3.11009E+00   1.63351E+02
 3.12052E+00   1.63268E+02
 3.12979E+00   1.63204E+02
 3.13961E+00   1.63136E+02
 3.14814E+00   1.63084E+02
 3.15730E+00   1.63031E+02
 3.16509E+00   1.62990E+02
 3.17355E+00   1.62952E+02
 3.18061E+00   1.62924E+02
 3.18833E+00   1.62900E+02
 3.19463E+00   1.62884E+02
 3.20161E+00   1.62875E+02
 3.20715E+00   1.62871E+02
 3.21335E+00   1.62876E+02
 3.21811E+00   1.62885E+02
 3.22353E+00   1.62904E+02
 3.22750E+00   1.62925E+02
 3.23212E+00   1.62958E+02
 3.23530E+00   1.62992E+02
 3.23911E+00   1.63038E+02
 3.24148E+00   1.63086E+02
 3.24449E+00   1.63145E+02
 3.24604E+00   1.63206E+02
 3.24825E+00   1.63278E+02
 3.24898E+00   1.63353E+02
 3.25037E+00   1.63437E+02
 3.25029E+00   1.63525E+02
 3.25087E+00   1.63621E+02
 3.24997E+00   1.63724E+02
 3.24974E+00   1.63831E+02
 3.24805E+00   1.63948E+02
 3.24700E+00   1.64067E+02
 3.24454E+00   1.64197E+02
 3.24265E+00   1.64328E+02
 3.23945E+00   1.64472E+02
 3.23671E+00   1.64613E+02
 3.23281E+00   1.64772E+02
 3.22921E+00   1.64923E+02
 3.22465E+00   1.65096E+02
 3.22017E+00   1.65258E+02
 3.21500E+00   1.65444E+02
 3.20962E+00   1.65618E+02
 3.20387E+00   1.65816E+02
 3.19760E+00   1.66001E+02
 3.19130E+00   1.66212E+02
 3.18416E+00   1.66410E+02
 3.17731E+00   1.66631E+02
 3.16933E+00   1.66842E+02
 3.16191E+00   1.67073E+02
 3.15317E+00   1.67299E+02
 3.14513E+00   1.67538E+02
 3.13572E+00   1.67780E+02
 3.12699E+00   1.68028E+02
 3.11703E+00   1.68286E+02
 3.10755E+00   1.68541E+02
 3.09714E+00   1.68814E+02
 3.08688E+00   1.69079E+02
 3.07609E+00   1.69364E+02
 3.06504E+00   1.69640E+02
 3.05391E+00   1.69935E+02
 3.04216E+00   1.70224E+02
 3.03066E+00   1.70527E+02
 3.01834E+00   1.70829E+02
 3.00640E+00   1.71137E+02
 2.99367E+00   1.71453E+02
 2.98120E+00   1.71767E+02
 2.96822E+00   1.72094E+02
 2.95517E+00   1.72416E+02
 2.94198E+00   1.72753E+02
 2.92840E+00   1.73088E+02
 2.91493E+00   1.73432E+02
 2.90092E+00   1.73782E+02
 2.88704E+00   1.74134E+02
 2.87271E+00   1.74500E+02
 2.85828E+00   1.74861E+02
 2.84373E+00   1.75241E+02
 2.82873E+00   1.75614E+02
 2.81393E+00   1.76003E+02
 2.79850E+00   1.76391E+02
 2.78335E+00   1.76783E+02
 2.76776E+00   1.77186E+02
 2.75220E+00   1.77580E+02
 2.73667E+00   1.77993E+02
 2.72079E+00   1.78393E+02
 2.70535E+00   1.78811E+02
 2.68940E+00   1.79225E+02
 2.67385E+00   1.79645E+02
 2.65805E+00   1.80077E+02
 2.64215E+00   1.80501E+02
 2.62644E+00   1.80947E+02
 2.61010E+00   1.81384E+02
 2.59414E+00   1.81836E+02
 2.57753E+00   1.82288E+02
 2.56100E+00   1.82741E+02
 2.54436E+00   1.83208E+02
 2.52739E+00   1.83666E+02
 2.51086E+00   1.84140E+02
 2.49400E+00   1.84611E+02
 2.47753E+00   1.85087E+02
 2.46125E+00   1.85575E+02
 2.44479E+00   1.86056E+02
 2.42887E+00   1.86554E+02
 2.41245E+00   1.87045E+02
 2.39617E+00   1.87545E+02
 2.37981E+00   1.88050E+02
 2.36286E+00   1.88553E+02
 2.34645E+00   1.89069E+02
 2.32941E+00   1.89582E+02
 2.31283E+00   1.90105E+02
 2.29647E+00   1.90631E+02
 2.27979E+00   1.91159E+02
 2.26393E+00   1.91688E+02
 2.24736E+00   1.92223E+02
 2.23114E+00   1.92755E+02
 2.21485E+00   1.93301E+02
 2.19814E+00   1.93849E+02
 2.18219E+00   1.94404E+02
 2.16585E+00   1.94975E+02
 2.15018E+00   1.95533E+02
 2.13453E+00   1.96110E+02
 2.11882E+00   1.96667E+02
 2.10317E+00   1.97234E+02
 2.08704E+00   1.97801E+02
 2.07115E+00   1.98368E+02
 2.05486E+00   1.98957E+02
 2.03932E+00   1.99542E+02
 2.02366E+00   2.00148E+02
 2.00835E+00   2.00745E+02
 1.99337E+00   2.01346E+02
 1.97772E+00   2.01945E+02
 1.96267E+00   2.02540E+02
 1.94738E+00   2.03145E+02
 1.93215E+00   2.03757E+02
 1.91762E+00   2.04375E+02
 1.90272E+00   2.05008E+02
 1.88776E+00   2.05640E+02
 1.87322E+00   2.06267E+02
 1.85801E+00   2.06907E+02
 1.84354E+00   2.07520E+02
 1.82953E+00   2.08158E+02
 1.81492E+00   2.08796E+02
 1.80105E+00   2.09431E+02
 1.78667E+00   2.10106E+02
 1.77212E+00   2.10750E+02
 1.75847E+00   2.11413E+02
 1.74472E+00   2.12076E+02
 1.73081E+00   2.12715E+02
 1.71712E+00   2.13398E+02
 1.70342E+00   2.14070E+02
 1.68944E+00   2.14738E+02
 1.67690E+00   2.15430E+02
 1.66439E+00   2.16098E+02
 1.65035E+00   2.16760E+02
 1.63722E+00   2.17451E+02
 1.62417E+00   2.18141E+02
 1.61075E+00   2.18820E+02
 1.59875E+00   2.19527E+02
 1.58622E+00   2.20248E+02
 1.57269E+00   2.20941E+02
 1.56015E+00   2.21623E+02
