/rn,a,b/nx0/ls1
283 -0.282 0.282 0 OUTPUT_AMP_PHASE Wavelength=0.564
 1.24077E+00   2.17689E+02
 1.25191E+00   2.16986E+02
 1.26295E+00   2.16231E+02
 1.27475E+00   2.15480E+02
 1.28612E+00   2.14783E+02
 1.29652E+00   2.14093E+02
 1.30805E+00   2.13353E+02
 1.32061E+00   2.12628E+02
 1.33279E+00   2.11960E+02
 1.34399E+00   2.11262E+02
 1.35533E+00   2.10564E+02
 1.36788E+00   2.09876E+02
 1.38032E+00   2.09164E+02
 1.39322E+00   2.08484E+02
 1.40620E+00   2.07818E+02
 1.41802E+00   2.07141E+02
 1.43044E+00   2.06469E+02
 1.44345E+00   2.05792E+02
 1.45633E+00   2.05123E+02
 1.46956E+00   2.04469E+02
 1.48269E+00   2.03813E+02
 1.49591E+00   2.03160E+02
 1.50916E+00   2.02513E+02
 1.52318E+00   2.01852E+02
 1.53705E+00   2.01218E+02
 1.55059E+00   2.00586E+02
 1.56474E+00   1.99944E+02
 1.57800E+00   1.99339E+02
 1.59216E+00   1.98695E+02
 1.60659E+00   1.98081E+02
 1.62099E+00   1.97473E+02
 1.63591E+00   1.96848E+02
 1.65048E+00   1.96268E+02
 1.66488E+00   1.95650E+02
 1.67947E+00   1.95055E+02
 1.69429E+00   1.94456E+02
 1.70916E+00   1.93850E+02
 1.72488E+00   1.93270E+02
 1.74025E+00   1.92684E+02
 1.75592E+00   1.92114E+02
 1.77170E+00   1.91552E+02
 1.78697E+00   1.90983E+02
 1.80286E+00   1.90422E+02
 1.81855E+00   1.89861E+02
 1.83434E+00   1.89296E+02
 1.85069E+00   1.88753E+02
 1.86652E+00   1.88200E+02
 1.88283E+00   1.87673E+02
 1.89907E+00   1.87145E+02
 1.91510E+00   1.86617E+02
 1.93190E+00   1.86108E+02
 1.94823E+00   1.85578E+02
 1.96533E+00   1.85071E+02
 1.98237E+00   1.84554E+02
 1.99942E+00   1.84045E+02
 2.01674E+00   1.83548E+02
 2.03363E+00   1.83047E+02
 2.05071E+00   1.82564E+02
 2.06761E+00   1.82080E+02
 2.08453E+00   1.81602E+02
 2.10169E+00   1.81136E+02
 2.11895E+00   1.80666E+02
 2.13648E+00   1.80208E+02
 2.15427E+00   1.79754E+02
 2.17206E+00   1.79298E+02
 2.19008E+00   1.78863E+02
 2.20797E+00   1.78414E+02
 2.22582E+00   1.77988E+02
 2.24363E+00   1.77557E+02
 2.26127E+00   1.77131E+02
 2.27893E+00   1.76720E+02
 2.29661E+00   1.76297E+02
 2.31420E+00   1.75902E+02
 2.33213E+00   1.75490E+02
 2.34983E+00   1.75103E+02
 2.36791E+00   1.74712E+02
 2.38589E+00   1.74326E+02
 2.40386E+00   1.73958E+02
 2.42212E+00   1.73576E+02
 2.43983E+00   1.73223E+02
 2.45816E+00   1.72853E+02
 2.47569E+00   1.72506E+02
 2.49379E+00   1.72154E+02
 2.51138E+00   1.71809E+02
 2.52900E+00   1.71478E+02
 2.54685E+00   1.71139E+02
 2.56396E+00   1.70824E+02
 2.58204E+00   1.70497E+02
 2.59883E+00   1.70193E+02
 2.61689E+00   1.69884E+02
 2.63364E+00   1.69587E+02
 2.65137E+00   1.69299E+02
 2.66831E+00   1.69007E+02
 2.68544E+00   1.68739E+02
 2.70263E+00   1.68454E+02
 2.71909E+00   1.68201E+02
 2.73641E+00   1.67928E+02
 2.75227E+00   1.67684E+02
 2.76952E+00   1.67428E+02
 2.78496E+00   1.67190E+02
 2.80185E+00   1.66953E+02
 2.81708E+00   1.66720E+02
 2.83340E+00   1.66503E+02
 2.84856E+00   1.66276E+02
 2.86415E+00   1.66077E+02
 2.87929E+00   1.65860E+02
 2.89410E+00   1.65676E+02
 2.90920E+00   1.65473E+02
 2.92325E+00   1.65301E+02
 2.93817E+00   1.65113E+02
 2.95156E+00   1.64952E+02
 2.96616E+00   1.64782E+02
 2.97896E+00   1.64630E+02
 2.99309E+00   1.64478E+02
 3.00540E+00   1.64335E+02
 3.01892E+00   1.64200E+02
 3.03079E+00   1.64067E+02
 3.04360E+00   1.63949E+02
 3.05506E+00   1.63827E+02
 3.06709E+00   1.63724E+02
 3.07813E+00   1.63613E+02
 3.08935E+00   1.63525E+02
 3.09996E+00   1.63426E+02
 3.11034E+00   1.63353E+02
 3.12046E+00   1.63267E+02
 3.13001E+00   1.63206E+02
 3.13961E+00   1.63134E+02
 3.14833E+00   1.63087E+02
 3.15735E+00   1.63028E+02
 3.16525E+00   1.62993E+02
 3.17364E+00   1.62949E+02
 3.18074E+00   1.62927E+02
 3.18845E+00   1.62897E+02
 3.19474E+00   1.62887E+02
 3.20175E+00   1.62871E+02
 3.20723E+00   1.62874E+02
 3.21350E+00   1.62872E+02
 3.21819E+00   1.62888E+02
 3.22369E+00   1.62900E+02
 3.22757E+00   1.62928E+02
 3.23229E+00   1.62954E+02
 3.23536E+00   1.62995E+02
 3.23928E+00   1.63035E+02
 3.24155E+00   1.63089E+02
 3.24466E+00   1.63142E+02
 3.24613E+00   1.63209E+02
 3.24841E+00   1.63274E+02
 3.24908E+00   1.63356E+02
 3.25052E+00   1.63433E+02
 3.25042E+00   1.63528E+02
 3.25100E+00   1.63618E+02
 3.25014E+00   1.63727E+02
 3.24985E+00   1.63829E+02
 3.24826E+00   1.63951E+02
 3.24707E+00   1.64065E+02
 3.24478E+00   1.64200E+02
 3.24268E+00   1.64326E+02
 3.23972E+00   1.64475E+02
 3.23669E+00   1.64612E+02
 3.23311E+00   1.64774E+02
 3.22913E+00   1.64923E+02
 3.22496E+00   1.65097E+02
 3.22003E+00   1.65259E+02
 3.21530E+00   1.65444E+02
 3.20942E+00   1.65619E+02
 3.20415E+00   1.65815E+02
 3.19736E+00   1.66004E+02
 3.19153E+00   1.66209E+02
 3.18389E+00   1.66413E+02
 3.17747E+00   1.66627E+02
 3.16908E+00   1.66847E+02
 3.16199E+00   1.67068E+02
 3.15299E+00   1.67304E+02
 3.14513E+00   1.67533E+02
 3.13566E+00   1.67785E+02
 3.12693E+00   1.68022E+02
 3.11714E+00   1.68289E+02
 3.10746E+00   1.68537E+02
 3.09743E+00   1.68815E+02
 3.08677E+00   1.69075E+02
 3.07654E+00   1.69363E+02
 3.06495E+00   1.69638E+02
 3.05445E+00   1.69932E+02
 3.04210E+00   1.70224E+02
 3.03116E+00   1.70522E+02
 3.01828E+00   1.70830E+02
 3.00671E+00   1.71132E+02
 2.99357E+00   1.71456E+02
 2.98120E+00   1.71763E+02
 2.96802E+00   1.72098E+02
 2.95479E+00   1.72416E+02
 2.94167E+00   1.72758E+02
 2.92768E+00   1.73091E+02
 2.91454E+00   1.73438E+02
 2.90002E+00   1.73789E+02
 2.88665E+00   1.74140E+02
 2.87190E+00   1.74508E+02
 2.85801E+00   1.74867E+02
 2.84323E+00   1.75248E+02
 2.82865E+00   1.75618E+02
 2.81384E+00   1.76005E+02
 2.79858E+00   1.76392E+02
 2.78360E+00   1.76780E+02
 2.76787E+00   1.77182E+02
 2.75255E+00   1.77573E+02
 2.73664E+00   1.77986E+02
 2.72097E+00   1.78387E+02
 2.70509E+00   1.78806E+02
 2.68924E+00   1.79223E+02
 2.67344E+00   1.79645E+02
 2.65760E+00   1.80080E+02
 2.64178E+00   1.80506E+02
 2.62594E+00   1.80953E+02
 2.60998E+00   1.81390E+02
 2.59388E+00   1.81840E+02
 2.57768E+00   1.82291E+02
 2.56113E+00   1.82741E+02
 2.54466E+00   1.83204E+02
 2.52778E+00   1.83660E+02
 2.51113E+00   1.84131E+02
 2.49437E+00   1.84603E+02
 2.47772E+00   1.85080E+02
 2.46136E+00   1.85566E+02
 2.44493E+00   1.86052E+02
 2.42871E+00   1.86545E+02
 2.41252E+00   1.87042E+02
 2.39599E+00   1.87536E+02
 2.37974E+00   1.88043E+02
 2.36289E+00   1.88546E+02
 2.34624E+00   1.89059E+02
 2.32961E+00   1.89581E+02
 2.31264E+00   1.90098E+02
 2.29652E+00   1.90634E+02
 2.27976E+00   1.91157E+02
 2.26374E+00   1.91692E+02
 2.24751E+00   1.92225E+02
 2.23117E+00   1.92755E+02
 2.21520E+00   1.93302E+02
 2.19883E+00   1.93840E+02
 2.18274E+00   1.94400E+02
 2.16673E+00   1.94959E+02
 2.15060E+00   1.95523E+02
 2.13460E+00   1.96094E+02
 2.11865E+00   1.96659E+02
 2.10234E+00   1.97226E+02
 2.08646E+00   1.97803E+02
 2.07051E+00   1.98373E+02
 2.05472E+00   1.98964E+02
 2.03950E+00   1.99556E+02
 2.02411E+00   2.00145E+02
 2.00867E+00   2.00760E+02
 1.99355E+00   2.01340E+02
 1.97763E+00   2.01956E+02
 1.96230E+00   2.02552E+02
 1.94732E+00   2.03152E+02
 1.93192E+00   2.03781E+02
 1.91787E+00   2.04380E+02
 1.90295E+00   2.05012E+02
 1.88797E+00   2.05631E+02
 1.87338E+00   2.06255E+02
 1.85803E+00   2.06890E+02
 1.84344E+00   2.07523E+02
 1.82931E+00   2.08166E+02
 1.81498E+00   2.08804E+02
 1.80080E+00   2.09455E+02
 1.78682E+00   2.10095E+02
 1.77239E+00   2.10745E+02
 1.75839E+00   2.11406E+02
 1.74512E+00   2.12062E+02
 1.73091E+00   2.12731E+02
 1.71712E+00   2.13401E+02
 1.70357E+00   2.14071E+02
 1.68947E+00   2.14730E+02
 1.67675E+00   2.15409E+02
 1.66381E+00   2.16093E+02
 1.65000E+00   2.16760E+02
 1.63684E+00   2.17465E+02
 1.62374E+00   2.18155E+02
 1.61117E+00   2.18818E+02
 1.59891E+00   2.19528E+02
 1.58586E+00   2.20261E+02
 1.57280E+00   2.20952E+02
 1.56027E+00   2.21628E+02
