/rn,a,b/nx0/ls1
283 -0.282 0.282 0 OUTPUT_AMP_PHASE Wavelength=0.564
 1.74156E+00   4.50602E+01
 1.75422E+00   4.41010E+01
 1.76258E+00   4.32270E+01
 1.77189E+00   4.23115E+01
 1.78241E+00   4.14440E+01
 1.79271E+00   4.06471E+01
 1.80249E+00   3.97269E+01
 1.81497E+00   3.87337E+01
 1.82822E+00   3.80196E+01
 1.83505E+00   3.71699E+01
 1.84512E+00   3.63187E+01
 1.85593E+00   3.54936E+01
 1.86578E+00   3.46216E+01
 1.87941E+00   3.36801E+01
 1.88839E+00   3.29873E+01
 1.90038E+00   3.20456E+01
 1.90854E+00   3.12768E+01
 1.92032E+00   3.04159E+01
 1.93238E+00   2.95570E+01
 1.94361E+00   2.87542E+01
 1.95416E+00   2.79898E+01
 1.96926E+00   2.71325E+01
 1.97335E+00   2.64181E+01
 1.99296E+00   2.55295E+01
 1.99710E+00   2.47453E+01
 2.01324E+00   2.39348E+01
 2.02244E+00   2.31139E+01
 2.03449E+00   2.23623E+01
 2.04486E+00   2.15675E+01
 2.05922E+00   2.08268E+01
 2.06754E+00   2.00258E+01
 2.08351E+00   1.93249E+01
 2.09263E+00   1.84634E+01
 2.10591E+00   1.78156E+01
 2.11812E+00   1.69162E+01
 2.12900E+00   1.62889E+01
 2.14302E+00   1.54251E+01
 2.15351E+00   1.47823E+01
 2.16742E+00   1.39953E+01
 2.17814E+00   1.33184E+01
 2.19077E+00   1.25842E+01
 2.20281E+00   1.18794E+01
 2.21408E+00   1.11438E+01
 2.22755E+00   1.04493E+01
 2.23936E+00   9.69221E+00
 2.25130E+00   9.03772E+00
 2.26626E+00   8.28392E+00
 2.27418E+00   7.65740E+00
 2.29273E+00   6.92736E+00
 2.29850E+00   6.30896E+00
 2.31799E+00   5.58828E+00
 2.32552E+00   4.98053E+00
 2.34319E+00   4.25055E+00
 2.35339E+00   3.65726E+00
 2.36914E+00   2.93743E+00
 2.37961E+00   2.33173E+00
 2.39490E+00   1.67115E+00
 2.40409E+00   1.01850E+00
 2.41948E+00   4.39231E-01
 2.42869E+00   3.59747E+02
 2.44351E+00   3.59213E+02
 2.45471E+00   3.58534E+02
 2.46865E+00   3.57982E+02
 2.48170E+00   3.57362E+02
 2.49570E+00   3.56766E+02
 2.50847E+00   3.56202E+02
 2.52377E+00   3.55586E+02
 2.53439E+00   3.55043E+02
 2.55124E+00   3.54451E+02
 2.55972E+00   3.53898E+02
 2.57717E+00   3.53352E+02
 2.58499E+00   3.52789E+02
 2.60194E+00   3.52277E+02
 2.61042E+00   3.51723E+02
 2.62658E+00   3.51223E+02
 2.63602E+00   3.50689E+02
 2.65184E+00   3.50194E+02
 2.66175E+00   3.49670E+02
 2.67777E+00   3.49191E+02
 2.68772E+00   3.48661E+02
 2.70390E+00   3.48213E+02
 2.71396E+00   3.47668E+02
 2.72972E+00   3.47258E+02
 2.74032E+00   3.46707E+02
 2.75500E+00   3.46322E+02
 2.76644E+00   3.45790E+02
 2.77978E+00   3.45411E+02
 2.79198E+00   3.44921E+02
 2.80425E+00   3.44531E+02
 2.81674E+00   3.44092E+02
 2.82854E+00   3.43690E+02
 2.84076E+00   3.43293E+02
 2.85271E+00   3.42889E+02
 2.86429E+00   3.42516E+02
 2.87662E+00   3.42128E+02
 2.88768E+00   3.41758E+02
 2.90008E+00   3.41401E+02
 2.91118E+00   3.41022E+02
 2.92297E+00   3.40704E+02
 2.93480E+00   3.40312E+02
 2.94530E+00   3.40033E+02
 2.95830E+00   3.39633E+02
 2.96723E+00   3.39386E+02
 2.98141E+00   3.38991E+02
 2.98888E+00   3.38764E+02
 3.00385E+00   3.38387E+02
 3.01029E+00   3.38169E+02
 3.02551E+00   3.37822E+02
 3.03136E+00   3.37604E+02
 3.04637E+00   3.37294E+02
 3.05201E+00   3.37073E+02
 3.06645E+00   3.36801E+02
 3.07217E+00   3.36576E+02
 3.08577E+00   3.36340E+02
 3.09174E+00   3.36117E+02
 3.10440E+00   3.35910E+02
 3.11066E+00   3.35695E+02
 3.12236E+00   3.35511E+02
 3.12891E+00   3.35311E+02
 3.13966E+00   3.35143E+02
 3.14646E+00   3.34962E+02
 3.15630E+00   3.34808E+02
 3.16328E+00   3.34649E+02
 3.17227E+00   3.34506E+02
 3.17938E+00   3.34371E+02
 3.18752E+00   3.34238E+02
 3.19473E+00   3.34126E+02
 3.20204E+00   3.34004E+02
 3.20930E+00   3.33916E+02
 3.21584E+00   3.33805E+02
 3.22302E+00   3.33740E+02
 3.22890E+00   3.33641E+02
 3.23586E+00   3.33598E+02
 3.24120E+00   3.33513E+02
 3.24782E+00   3.33490E+02
 3.25271E+00   3.33420E+02
 3.25887E+00   3.33416E+02
 3.26338E+00   3.33362E+02
 3.26903E+00   3.33377E+02
 3.27319E+00   3.33339E+02
 3.27829E+00   3.33372E+02
 3.28209E+00   3.33351E+02
 3.28666E+00   3.33402E+02
 3.29004E+00   3.33398E+02
 3.29414E+00   3.33466E+02
 3.29707E+00   3.33481E+02
 3.30068E+00   3.33565E+02
 3.30315E+00   3.33598E+02
 3.30629E+00   3.33698E+02
 3.30831E+00   3.33749E+02
 3.31094E+00   3.33865E+02
 3.31257E+00   3.33935E+02
 3.31458E+00   3.34066E+02
 3.31597E+00   3.34157E+02
 3.31721E+00   3.34298E+02
 3.31850E+00   3.34414E+02
 3.31883E+00   3.34564E+02
 3.32013E+00   3.34705E+02
 3.31953E+00   3.34862E+02
 3.32083E+00   3.35030E+02
 3.31933E+00   3.35194E+02
 3.32060E+00   3.35387E+02
 3.31819E+00   3.35560E+02
 3.31948E+00   3.35776E+02
 3.31609E+00   3.35959E+02
 3.31749E+00   3.36197E+02
 3.31303E+00   3.36393E+02
 3.31467E+00   3.36647E+02
 3.30900E+00   3.36862E+02
 3.31096E+00   3.37127E+02
 3.30403E+00   3.37368E+02
 3.30626E+00   3.37635E+02
 3.29826E+00   3.37909E+02
 3.30041E+00   3.38173E+02
 3.29180E+00   3.38486E+02
 3.29336E+00   3.38742E+02
 3.28466E+00   3.39096E+02
 3.28513E+00   3.39345E+02
 3.27681E+00   3.39734E+02
 3.27577E+00   3.39984E+02
 3.26825E+00   3.40397E+02
 3.26545E+00   3.40661E+02
 3.25889E+00   3.41083E+02
 3.25446E+00   3.41373E+02
 3.24859E+00   3.41791E+02
 3.24306E+00   3.42116E+02
 3.23728E+00   3.42522E+02
 3.23142E+00   3.42885E+02
 3.22504E+00   3.43280E+02
 3.21945E+00   3.43675E+02
 3.21215E+00   3.44068E+02
 3.20682E+00   3.44482E+02
 3.19881E+00   3.44894E+02
 3.19323E+00   3.45310E+02
 3.18506E+00   3.45757E+02
 3.17845E+00   3.46165E+02
 3.17076E+00   3.46656E+02
 3.16250E+00   3.47057E+02
 3.15559E+00   3.47584E+02
 3.14564E+00   3.47992E+02
 3.13924E+00   3.48535E+02
 3.12831E+00   3.48967E+02
 3.12166E+00   3.49503E+02
 3.11080E+00   3.49972E+02
 3.10338E+00   3.50491E+02
 3.09315E+00   3.50991E+02
 3.08519E+00   3.51504E+02
 3.07518E+00   3.52019E+02
 3.06775E+00   3.52546E+02
 3.05671E+00   3.53063E+02
 3.05089E+00   3.53615E+02
 3.03781E+00   3.54136E+02
 3.03342E+00   3.54705E+02
 3.01874E+00   3.55247E+02
 3.01393E+00   3.55816E+02
 2.99942E+00   3.56386E+02
 2.99210E+00   3.56952E+02
 2.97934E+00   3.57537E+02
 2.96920E+00   3.58122E+02
 2.95810E+00   3.58693E+02
 2.94726E+00   3.59328E+02
 2.93620E+00   3.59872E+02
 2.92715E+00   5.55532E-01
 2.91478E+00   1.09381E+00
 2.90772E+00   1.78713E+00
 2.89439E+00   2.36110E+00
 2.88702E+00   3.02251E+00
 2.87387E+00   3.65149E+00
 2.86461E+00   4.28037E+00
 2.85150E+00   4.94754E+00
 2.84198E+00   5.57441E+00
 2.82729E+00   6.25540E+00
 2.82022E+00   6.89344E+00
 2.80337E+00   7.58601E+00
 2.79820E+00   8.21910E+00
 2.78128E+00   8.93277E+00
 2.77425E+00   9.56298E+00
 2.75997E+00   1.02883E+01
 2.74935E+00   1.09573E+01
 2.73798E+00   1.16677E+01
 2.72627E+00   1.23963E+01
 2.71565E+00   1.30859E+01
 2.70524E+00   1.38239E+01
 2.69327E+00   1.45260E+01
 2.68341E+00   1.52123E+01
 2.66971E+00   1.59727E+01
 2.65931E+00   1.66095E+01
 2.64546E+00   1.74470E+01
 2.63458E+00   1.80749E+01
 2.62297E+00   1.89538E+01
 2.61055E+00   1.96001E+01
 2.60122E+00   2.04454E+01
 2.58713E+00   2.11308E+01
 2.57716E+00   2.19135E+01
 2.56465E+00   2.26431E+01
 2.55304E+00   2.34240E+01
 2.54197E+00   2.41753E+01
 2.53174E+00   2.49942E+01
 2.51691E+00   2.57746E+01
 2.50953E+00   2.65616E+01
 2.49247E+00   2.73911E+01
 2.48482E+00   2.81182E+01
 2.47164E+00   2.89369E+01
 2.46130E+00   2.97265E+01
 2.44921E+00   3.04909E+01
 2.43851E+00   3.13694E+01
 2.42463E+00   3.21668E+01
 2.41502E+00   3.29669E+01
 2.40348E+00   3.38615E+01
 2.39226E+00   3.45752E+01
 2.38008E+00   3.54745E+01
 2.37033E+00   3.63002E+01
 2.35588E+00   3.71068E+01
 2.34809E+00   3.79845E+01
 2.33898E+00   3.88166E+01
 2.32369E+00   3.95851E+01
 2.31407E+00   4.04833E+01
 2.30190E+00   4.13178E+01
 2.28865E+00   4.21559E+01
 2.28049E+00   4.30421E+01
 2.26964E+00   4.39528E+01
 2.25615E+00   4.47963E+01
 2.24546E+00   4.56248E+01
