/rn,a,b/nx0/ls1
283 -0.282 0.282 0 OUTPUT_AMP_PHASE Wavelength=0.564
 1.74221E+00   2.24979E+02
 1.75393E+00   2.24189E+02
 1.76211E+00   2.23210E+02
 1.77358E+00   2.22322E+02
 1.78522E+00   2.21440E+02
 1.79112E+00   2.20666E+02
 1.80291E+00   2.19735E+02
 1.81401E+00   2.18799E+02
 1.82607E+00   2.18032E+02
 1.83532E+00   2.17154E+02
 1.84330E+00   2.16295E+02
 1.85620E+00   2.15472E+02
 1.86653E+00   2.14554E+02
 1.87817E+00   2.13746E+02
 1.89097E+00   2.12894E+02
 1.89891E+00   2.12128E+02
 1.90977E+00   2.11215E+02
 1.92062E+00   2.10474E+02
 1.93258E+00   2.09539E+02
 1.94260E+00   2.08802E+02
 1.95648E+00   2.07946E+02
 1.96402E+00   2.07146E+02
 1.97942E+00   2.06354E+02
 1.98624E+00   2.05522E+02
 2.00437E+00   2.04715E+02
 2.00869E+00   2.03984E+02
 2.02686E+00   2.03108E+02
 2.03185E+00   2.02434E+02
 2.04685E+00   2.01589E+02
 2.05707E+00   2.00799E+02
 2.07003E+00   2.00125E+02
 2.08219E+00   1.99192E+02
 2.09473E+00   1.98638E+02
 2.10537E+00   1.97683E+02
 2.11677E+00   1.97085E+02
 2.12868E+00   1.96205E+02
 2.13905E+00   1.95524E+02
 2.15352E+00   1.94718E+02
 2.16456E+00   1.94035E+02
 2.17866E+00   1.93252E+02
 2.19075E+00   1.92602E+02
 2.20370E+00   1.91827E+02
 2.21504E+00   1.91157E+02
 2.22917E+00   1.90421E+02
 2.23899E+00   1.89701E+02
 2.25430E+00   1.89016E+02
 2.26440E+00   1.88303E+02
 2.27835E+00   1.87614E+02
 2.29024E+00   1.86978E+02
 2.30269E+00   1.86231E+02
 2.31511E+00   1.85663E+02
 2.32897E+00   1.84889E+02
 2.33969E+00   1.84311E+02
 2.35648E+00   1.83592E+02
 2.36517E+00   1.82954E+02
 2.38302E+00   1.82318E+02
 2.39116E+00   1.81646E+02
 2.40769E+00   1.81051E+02
 2.41649E+00   1.80397E+02
 2.43188E+00   1.79796E+02
 2.44116E+00   1.79174E+02
 2.45726E+00   1.78576E+02
 2.46645E+00   1.77951E+02
 2.48400E+00   1.77393E+02
 2.49314E+00   1.76742E+02
 2.51100E+00   1.76227E+02
 2.52059E+00   1.75573E+02
 2.53740E+00   1.75061E+02
 2.54744E+00   1.74454E+02
 2.56315E+00   1.73901E+02
 2.57313E+00   1.73364E+02
 2.58861E+00   1.72775E+02
 2.59829E+00   1.72280E+02
 2.61400E+00   1.71702E+02
 2.62390E+00   1.71200E+02
 2.63931E+00   1.70679E+02
 2.65031E+00   1.70141E+02
 2.66456E+00   1.69686E+02
 2.67701E+00   1.69121E+02
 2.68997E+00   1.68704E+02
 2.70313E+00   1.68147E+02
 2.71574E+00   1.67728E+02
 2.72818E+00   1.67210E+02
 2.74178E+00   1.66772E+02
 2.75237E+00   1.66297E+02
 2.76772E+00   1.65852E+02
 2.77636E+00   1.65400E+02
 2.79305E+00   1.64977E+02
 2.80080E+00   1.64519E+02
 2.81743E+00   1.64146E+02
 2.82592E+00   1.63665E+02
 2.84095E+00   1.63349E+02
 2.85145E+00   1.62847E+02
 2.86395E+00   1.62573E+02
 2.87685E+00   1.62072E+02
 2.88677E+00   1.61813E+02
 2.90167E+00   1.61340E+02
 2.90963E+00   1.61069E+02
 2.92559E+00   1.60647E+02
 2.93267E+00   1.60347E+02
 2.94851E+00   1.59987E+02
 2.95584E+00   1.59656E+02
 2.97049E+00   1.59354E+02
 2.97897E+00   1.59002E+02
 2.99170E+00   1.58746E+02
 3.00178E+00   1.58390E+02
 3.01237E+00   1.58163E+02
 3.02397E+00   1.57819E+02
 3.03277E+00   1.57606E+02
 3.04525E+00   1.57289E+02
 3.05301E+00   1.57078E+02
 3.06556E+00   1.56799E+02
 3.07303E+00   1.56581E+02
 3.08491E+00   1.56344E+02
 3.09275E+00   1.56118E+02
 3.10334E+00   1.55923E+02
 3.11205E+00   1.55690E+02
 3.12098E+00   1.55533E+02
 3.13078E+00   1.55299E+02
 3.13789E+00   1.55175E+02
 3.14881E+00   1.54943E+02
 3.15413E+00   1.54847E+02
 3.16607E+00   1.54623E+02
 3.16976E+00   1.54551E+02
 3.18246E+00   1.54341E+02
 3.18482E+00   1.54286E+02
 3.19794E+00   1.54094E+02
 3.19927E+00   1.54054E+02
 3.21252E+00   1.53882E+02
 3.21302E+00   1.53856E+02
 3.22625E+00   1.53705E+02
 3.22604E+00   1.53692E+02
 3.23913E+00   1.53563E+02
 3.23826E+00   1.53562E+02
 3.25113E+00   1.53457E+02
 3.24967E+00   1.53466E+02
 3.26226E+00   1.53385E+02
 3.26025E+00   1.53406E+02
 3.27250E+00   1.53347E+02
 3.26995E+00   1.53382E+02
 3.28184E+00   1.53343E+02
 3.27877E+00   1.53395E+02
 3.29027E+00   1.53372E+02
 3.28671E+00   1.53442E+02
 3.29777E+00   1.53437E+02
 3.29374E+00   1.53525E+02
 3.30433E+00   1.53534E+02
 3.29987E+00   1.53644E+02
 3.30993E+00   1.53666E+02
 3.30512E+00   1.53798E+02
 3.31454E+00   1.53831E+02
 3.30948E+00   1.53987E+02
 3.31817E+00   1.54031E+02
 3.31292E+00   1.54209E+02
 3.32081E+00   1.54265E+02
 3.31550E+00   1.54464E+02
 3.32242E+00   1.54534E+02
 3.31726E+00   1.54752E+02
 3.32293E+00   1.54837E+02
 3.31825E+00   1.55072E+02
 3.32232E+00   1.55174E+02
 3.31844E+00   1.55423E+02
 3.32067E+00   1.55545E+02
 3.31778E+00   1.55804E+02
 3.31805E+00   1.55952E+02
 3.31619E+00   1.56215E+02
 3.31454E+00   1.56393E+02
 3.31356E+00   1.56655E+02
 3.31027E+00   1.56870E+02
 3.30979E+00   1.57125E+02
 3.30535E+00   1.57379E+02
 3.30481E+00   1.57626E+02
 3.29982E+00   1.57921E+02
 3.29862E+00   1.58161E+02
 3.29368E+00   1.58493E+02
 3.29121E+00   1.58732E+02
 3.28697E+00   1.59094E+02
 3.28261E+00   1.59342E+02
 3.27960E+00   1.59720E+02
 3.27302E+00   1.59991E+02
 3.27134E+00   1.60371E+02
 3.26270E+00   1.60678E+02
 3.26194E+00   1.61046E+02
 3.25190E+00   1.61401E+02
 3.25130E+00   1.61745E+02
 3.24079E+00   1.62156E+02
 3.23933E+00   1.62471E+02
 3.22947E+00   1.62934E+02
 3.22614E+00   1.63229E+02
 3.21790E+00   1.63730E+02
 3.21198E+00   1.64026E+02
 3.20588E+00   1.64539E+02
 3.19734E+00   1.64863E+02
 3.19302E+00   1.65367E+02
 3.18270E+00   1.65737E+02
 3.17897E+00   1.66220E+02
 3.16824E+00   1.66642E+02
 3.16362E+00   1.67110E+02
 3.15365E+00   1.67568E+02
 3.14716E+00   1.68040E+02
 3.13835E+00   1.68508E+02
 3.13000E+00   1.69005E+02
 3.12176E+00   1.69465E+02
 3.11248E+00   1.69994E+02
 3.10377E+00   1.70449E+02
 3.09475E+00   1.70996E+02
 3.08498E+00   1.71468E+02
 3.07677E+00   1.72010E+02
 3.06622E+00   1.72525E+02
 3.05856E+00   1.73051E+02
 3.04784E+00   1.73610E+02
 3.04025E+00   1.74133E+02
 3.02941E+00   1.74709E+02
 3.02179E+00   1.75257E+02
 3.01000E+00   1.75814E+02
 3.00274E+00   1.76408E+02
 2.98904E+00   1.76936E+02
 2.98243E+00   1.77566E+02
 2.96712E+00   1.78090E+02
 2.96074E+00   1.78732E+02
 2.94544E+00   1.79282E+02
 2.93870E+00   1.79924E+02
 2.92463E+00   1.80500E+02
 2.91769E+00   1.81154E+02
 2.90415E+00   1.81729E+02
 2.89772E+00   1.82408E+02
 2.88314E+00   1.82977E+02
 2.87701E+00   1.83661E+02
 2.86151E+00   1.84265E+02
 2.85395E+00   1.84915E+02
 2.83985E+00   1.85597E+02
 2.82949E+00   1.86202E+02
 2.81814E+00   1.86943E+02
 2.80616E+00   1.87542E+02
 2.79566E+00   1.88264E+02
 2.78481E+00   1.88916E+02
 2.77236E+00   1.89578E+02
 2.76359E+00   1.90289E+02
 2.74926E+00   1.90937E+02
 2.74098E+00   1.91665E+02
 2.72672E+00   1.92361E+02
 2.71737E+00   1.93064E+02
 2.70371E+00   1.93807E+02
 2.69324E+00   1.94489E+02
 2.67997E+00   1.95237E+02
 2.66857E+00   1.95924E+02
 2.65687E+00   1.96689E+02
 2.64497E+00   1.97362E+02
 2.63459E+00   1.98209E+02
 2.62346E+00   1.98816E+02
 2.61132E+00   1.99750E+02
 2.60090E+00   2.00321E+02
 2.58755E+00   2.01228E+02
 2.57524E+00   2.01896E+02
 2.56586E+00   2.02670E+02
 2.55090E+00   2.03488E+02
 2.54460E+00   2.04174E+02
 2.52979E+00   2.05029E+02
 2.52047E+00   2.05756E+02
 2.50658E+00   2.06549E+02
 2.49629E+00   2.07353E+02
 2.48141E+00   2.08116E+02
 2.47431E+00   2.08942E+02
 2.45962E+00   2.09727E+02
 2.45034E+00   2.10530E+02
 2.43802E+00   2.11366E+02
 2.42603E+00   2.12127E+02
 2.41399E+00   2.13007E+02
 2.40489E+00   2.13778E+02
 2.39177E+00   2.14630E+02
 2.38062E+00   2.15450E+02
 2.37001E+00   2.16286E+02
 2.35635E+00   2.17097E+02
 2.34711E+00   2.17941E+02
 2.33698E+00   2.18814E+02
 2.32278E+00   2.19607E+02
 2.31294E+00   2.20516E+02
 2.30074E+00   2.21368E+02
 2.29073E+00   2.22149E+02
 2.28158E+00   2.23055E+02
 2.26915E+00   2.23949E+02
 2.25770E+00   2.24818E+02
 2.24569E+00   2.25594E+02
