/rn,a,b/nx0/ls1
283 -0.282 0.282 0 OUTPUT_AMP_PHASE Wavelength=0.564
 1.28992E+00   2.45267E+02
 1.29349E+00   2.44483E+02
 1.29628E+00   2.43657E+02
 1.29957E+00   2.42825E+02
 1.30285E+00   2.42049E+02
 1.30518E+00   2.41303E+02
 1.30779E+00   2.40494E+02
 1.31125E+00   2.39681E+02
 1.31474E+00   2.38928E+02
 1.31691E+00   2.38171E+02
 1.31901E+00   2.37414E+02
 1.32202E+00   2.36647E+02
 1.32450E+00   2.35864E+02
 1.32745E+00   2.35105E+02
 1.33039E+00   2.34357E+02
 1.33208E+00   2.33626E+02
 1.33410E+00   2.32891E+02
 1.33634E+00   2.32144E+02
 1.33832E+00   2.31410E+02
 1.34050E+00   2.30686E+02
 1.34238E+00   2.29965E+02
 1.34412E+00   2.29250E+02
 1.34572E+00   2.28540E+02
 1.34754E+00   2.27811E+02
 1.34929E+00   2.27110E+02
 1.35056E+00   2.26419E+02
 1.35197E+00   2.25714E+02
 1.35283E+00   2.25057E+02
 1.35375E+00   2.24356E+02
 1.35492E+00   2.23680E+02
 1.35586E+00   2.23013E+02
 1.35676E+00   2.22327E+02
 1.35760E+00   2.21688E+02
 1.35770E+00   2.21022E+02
 1.35792E+00   2.20376E+02
 1.35799E+00   2.19727E+02
 1.35778E+00   2.19074E+02
 1.35813E+00   2.18434E+02
 1.35792E+00   2.17799E+02
 1.35779E+00   2.17176E+02
 1.35753E+00   2.16562E+02
 1.35662E+00   2.15952E+02
 1.35590E+00   2.15344E+02
 1.35480E+00   2.14742E+02
 1.35343E+00   2.14138E+02
 1.35235E+00   2.13550E+02
 1.35056E+00   2.12963E+02
 1.34904E+00   2.12394E+02
 1.34717E+00   2.11830E+02
 1.34490E+00   2.11272E+02
 1.34296E+00   2.10723E+02
 1.34028E+00   2.10166E+02
 1.33795E+00   2.09623E+02
 1.33520E+00   2.09076E+02
 1.33224E+00   2.08539E+02
 1.32923E+00   2.08012E+02
 1.32565E+00   2.07491E+02
 1.32202E+00   2.06985E+02
 1.31800E+00   2.06486E+02
 1.31374E+00   2.05993E+02
 1.30940E+00   2.05512E+02
 1.30477E+00   2.05030E+02
 1.30008E+00   2.04558E+02
 1.29526E+00   2.04092E+02
 1.29009E+00   2.03628E+02
 1.28491E+00   2.03182E+02
 1.27921E+00   2.02731E+02
 1.27339E+00   2.02302E+02
 1.26717E+00   2.01873E+02
 1.26062E+00   2.01455E+02
 1.25387E+00   2.01053E+02
 1.24672E+00   2.00644E+02
 1.23944E+00   2.00264E+02
 1.23186E+00   1.99871E+02
 1.22405E+00   1.99505E+02
 1.21606E+00   1.99136E+02
 1.20776E+00   1.98777E+02
 1.19924E+00   1.98438E+02
 1.19044E+00   1.98088E+02
 1.18129E+00   1.97773E+02
 1.17196E+00   1.97443E+02
 1.16215E+00   1.97144E+02
 1.15221E+00   1.96841E+02
 1.14182E+00   1.96554E+02
 1.13121E+00   1.96282E+02
 1.12031E+00   1.96008E+02
 1.10902E+00   1.95767E+02
 1.09765E+00   1.95512E+02
 1.08571E+00   1.95294E+02
 1.07383E+00   1.95067E+02
 1.06129E+00   1.94868E+02
 1.04883E+00   1.94675E+02
 1.03576E+00   1.94493E+02
 1.02263E+00   1.94336E+02
 1.00908E+00   1.94173E+02
 9.95228E-01   1.94049E+02
 9.81203E-01   1.93912E+02
 9.66638E-01   1.93819E+02
 9.52103E-01   1.93714E+02
 9.36888E-01   1.93649E+02
 9.21787E-01   1.93584E+02
 9.05995E-01   1.93546E+02
 8.90286E-01   1.93524E+02
 8.73978E-01   1.93517E+02
 8.57653E-01   1.93543E+02
 8.40858E-01   1.93572E+02
 8.23927E-01   1.93645E+02
 8.06672E-01   1.93718E+02
 7.89151E-01   1.93842E+02
 7.71453E-01   1.93967E+02
 7.53378E-01   1.94145E+02
 7.35240E-01   1.94329E+02
 7.16661E-01   1.94567E+02
 6.98087E-01   1.94820E+02
 6.79061E-01   1.95126E+02
 6.60063E-01   1.95459E+02
 6.40640E-01   1.95843E+02
 6.21250E-01   1.96270E+02
 6.01481E-01   1.96748E+02
 5.81748E-01   1.97284E+02
 5.61696E-01   1.97875E+02
 5.41666E-01   1.98541E+02
 5.21412E-01   1.99273E+02
 5.01161E-01   2.00098E+02
 4.80791E-01   2.01004E+02
 4.60432E-01   2.02028E+02
 4.40041E-01   2.03154E+02
 4.19717E-01   2.04431E+02
 3.99453E-01   2.05845E+02
 3.79348E-01   2.07449E+02
 3.59424E-01   2.09241E+02
 3.39791E-01   2.11281E+02
 3.20510E-01   2.13578E+02
 3.01714E-01   2.16205E+02
 2.83533E-01   2.19183E+02
 2.66124E-01   2.22599E+02
 2.49713E-01   2.26488E+02
 2.34524E-01   2.30939E+02
 2.20866E-01   2.35987E+02
 2.09074E-01   2.41681E+02
 1.99501E-01   2.48006E+02
 1.92532E-01   2.54902E+02
 1.88467E-01   2.62225E+02
 1.87524E-01   2.69765E+02
 1.89776E-01   2.77277E+02
 1.95103E-01   2.84511E+02
 2.03311E-01   2.91290E+02
 2.14010E-01   2.97478E+02
 2.26937E-01   3.03048E+02
 2.41615E-01   3.07995E+02
 2.57867E-01   3.12370E+02
 2.75270E-01   3.16231E+02
 2.93743E-01   3.19637E+02
 3.12940E-01   3.22659E+02
 3.32869E-01   3.25338E+02
 3.53230E-01   3.27742E+02
 3.74091E-01   3.29891E+02
 3.95204E-01   3.31844E+02
 4.16637E-01   3.33606E+02
 4.38222E-01   3.35229E+02
 4.59977E-01   3.36705E+02
 4.81844E-01   3.38084E+02
 5.03736E-01   3.39347E+02
 5.25738E-01   3.40543E+02
 5.47635E-01   3.41647E+02
 5.69656E-01   3.42701E+02
 5.91458E-01   3.43685E+02
 6.13416E-01   3.44628E+02
 6.35036E-01   3.45521E+02
 6.56857E-01   3.46378E+02
 6.78242E-01   3.47201E+02
 6.99841E-01   3.47990E+02
 7.20970E-01   3.48759E+02
 7.42265E-01   3.49493E+02
 7.63122E-01   3.50222E+02
 7.84034E-01   3.50912E+02
 8.04611E-01   3.51608E+02
 8.25076E-01   3.52267E+02
 8.45355E-01   3.52935E+02
 8.65326E-01   3.53570E+02
 8.85283E-01   3.54214E+02
 9.04722E-01   3.54834E+02
 9.24321E-01   3.55456E+02
 9.43223E-01   3.56067E+02
 9.62392E-01   3.56669E+02
 9.80798E-01   3.57274E+02
 9.99431E-01   3.57860E+02
 1.01741E+00   3.58460E+02
 1.03542E+00   3.59035E+02
 1.05303E+00   3.59630E+02
 1.07036E+00   2.00538E-01
 1.08759E+00   7.86965E-01
 1.10427E+00   1.36025E+00
 1.12108E+00   1.93775E+00
 1.13719E+00   2.51751E+00
 1.15348E+00   3.08832E+00
 1.16909E+00   3.67442E+00
 1.18476E+00   4.24377E+00
 1.19993E+00   4.83216E+00
 1.21489E+00   5.40621E+00
 1.22958E+00   5.99193E+00
 1.24384E+00   6.57499E+00
 1.25797E+00   7.15552E+00
 1.27158E+00   7.74771E+00
 1.28507E+00   8.32571E+00
 1.29812E+00   8.92284E+00
 1.31098E+00   9.50521E+00
 1.32354E+00   1.01021E+01
 1.33585E+00   1.06954E+01
 1.34794E+00   1.12901E+01
 1.35979E+00   1.18953E+01
 1.37137E+00   1.24905E+01
 1.38274E+00   1.31029E+01
 1.39375E+00   1.37041E+01
 1.40448E+00   1.43172E+01
 1.41489E+00   1.49284E+01
 1.42483E+00   1.55406E+01
 1.43461E+00   1.61619E+01
 1.44385E+00   1.67787E+01
 1.45301E+00   1.74066E+01
 1.46183E+00   1.80340E+01
 1.47046E+00   1.86660E+01
 1.47901E+00   1.93030E+01
 1.48724E+00   1.99398E+01
 1.49535E+00   2.05808E+01
 1.50322E+00   2.12244E+01
 1.51061E+00   2.18677E+01
 1.51794E+00   2.25193E+01
 1.52462E+00   2.31715E+01
 1.53119E+00   2.38303E+01
 1.53754E+00   2.44972E+01
 1.54338E+00   2.51614E+01
 1.54957E+00   2.58378E+01
 1.55500E+00   2.65055E+01
 1.56069E+00   2.71802E+01
 1.56595E+00   2.78533E+01
 1.57084E+00   2.85249E+01
 1.57580E+00   2.92093E+01
 1.58016E+00   2.98888E+01
 1.58460E+00   3.05860E+01
 1.58877E+00   3.12820E+01
 1.59267E+00   3.19841E+01
 1.59640E+00   3.26913E+01
 1.59985E+00   3.33933E+01
 1.60279E+00   3.41007E+01
 1.60581E+00   3.48129E+01
 1.60846E+00   3.55204E+01
 1.61113E+00   3.62472E+01
 1.61394E+00   3.69694E+01
 1.61633E+00   3.76918E+01
 1.61864E+00   3.84387E+01
 1.62063E+00   3.91503E+01
 1.62205E+00   3.99031E+01
 1.62348E+00   4.06339E+01
 1.62495E+00   4.13654E+01
 1.62607E+00   4.21278E+01
 1.62772E+00   4.28513E+01
 1.62872E+00   4.36140E+01
 1.62932E+00   4.43656E+01
 1.63000E+00   4.51191E+01
 1.62992E+00   4.58908E+01
 1.63018E+00   4.66554E+01
 1.63064E+00   4.74237E+01
 1.63066E+00   4.81915E+01
 1.63066E+00   4.89706E+01
 1.63048E+00   4.97373E+01
 1.62977E+00   5.05205E+01
 1.62928E+00   5.13091E+01
 1.62912E+00   5.20868E+01
 1.62805E+00   5.28881E+01
 1.62712E+00   5.36858E+01
 1.62614E+00   5.44832E+01
 1.62436E+00   5.52773E+01
 1.62373E+00   5.60751E+01
 1.62273E+00   5.68809E+01
 1.62059E+00   5.76830E+01
 1.61914E+00   5.85136E+01
 1.61739E+00   5.93308E+01
 1.61561E+00   6.01178E+01
 1.61437E+00   6.09456E+01
 1.61244E+00   6.18045E+01
 1.60983E+00   6.26276E+01
 1.60736E+00   6.34319E+01
