/rn,a,b/nx0/ls1
283 -0.282 0.282 0 OUTPUT_AMP_PHASE Wavelength=0.564
 1.56015E+00   2.21623E+02
 1.55306E+00   2.20564E+02
 1.54676E+00   2.19518E+02
 1.53928E+00   2.18425E+02
 1.53071E+00   2.17326E+02
 1.52319E+00   2.16274E+02
 1.51597E+00   2.15195E+02
 1.50798E+00   2.14094E+02
 1.50071E+00   2.13034E+02
 1.49243E+00   2.11939E+02
 1.48354E+00   2.10836E+02
 1.47600E+00   2.09761E+02
 1.46765E+00   2.08649E+02
 1.45927E+00   2.07544E+02
 1.45121E+00   2.06445E+02
 1.44205E+00   2.05335E+02
 1.43393E+00   2.04228E+02
 1.42555E+00   2.03110E+02
 1.41668E+00   2.01984E+02
 1.40819E+00   2.00845E+02
 1.39891E+00   1.99717E+02
 1.38972E+00   1.98581E+02
 1.38082E+00   1.97449E+02
 1.37202E+00   1.96316E+02
 1.36277E+00   1.95151E+02
 1.35399E+00   1.94000E+02
 1.34456E+00   1.92819E+02
 1.33495E+00   1.91636E+02
 1.32611E+00   1.90467E+02
 1.31635E+00   1.89271E+02
 1.30732E+00   1.88087E+02
 1.29797E+00   1.86888E+02
 1.28828E+00   1.85668E+02
 1.27897E+00   1.84450E+02
 1.26944E+00   1.83218E+02
 1.26004E+00   1.81977E+02
 1.25082E+00   1.80744E+02
 1.24148E+00   1.79495E+02
 1.23191E+00   1.78232E+02
 1.22261E+00   1.76969E+02
 1.21283E+00   1.75668E+02
 1.20352E+00   1.74367E+02
 1.19425E+00   1.73054E+02
 1.18505E+00   1.71719E+02
 1.17629E+00   1.70400E+02
 1.16718E+00   1.69054E+02
 1.15839E+00   1.67701E+02
 1.14939E+00   1.66341E+02
 1.14048E+00   1.64945E+02
 1.13179E+00   1.63553E+02
 1.12316E+00   1.62132E+02
 1.11492E+00   1.60704E+02
 1.10682E+00   1.59275E+02
 1.09888E+00   1.57821E+02
 1.09124E+00   1.56374E+02
 1.08346E+00   1.54899E+02
 1.07607E+00   1.53413E+02
 1.06866E+00   1.51910E+02
 1.06154E+00   1.50382E+02
 1.05482E+00   1.48851E+02
 1.04815E+00   1.47296E+02
 1.04223E+00   1.45738E+02
 1.03618E+00   1.44171E+02
 1.03087E+00   1.42591E+02
 1.02557E+00   1.41013E+02
 1.02065E+00   1.39412E+02
 1.01616E+00   1.37816E+02
 1.01170E+00   1.36195E+02
 1.00799E+00   1.34574E+02
 1.00421E+00   1.32941E+02
 1.00123E+00   1.31296E+02
 9.98354E-01   1.29659E+02
 9.96066E-01   1.28000E+02
 9.94159E-01   1.26364E+02
 9.92587E-01   1.24707E+02
 9.91590E-01   1.23069E+02
 9.90798E-01   1.21428E+02
 9.90646E-01   1.19787E+02
 9.90698E-01   1.18166E+02
 9.91369E-01   1.16530E+02
 9.92309E-01   1.14930E+02
 9.93804E-01   1.13310E+02
 9.95649E-01   1.11728E+02
 9.97950E-01   1.10139E+02
 1.00068E+00   1.08574E+02
 1.00376E+00   1.07027E+02
 1.00734E+00   1.05485E+02
 1.01115E+00   1.03982E+02
 1.01552E+00   1.02473E+02
 1.02005E+00   1.01015E+02
 1.02512E+00   9.95501E+01
 1.03036E+00   9.81345E+01
 1.03605E+00   9.67241E+01
 1.04196E+00   9.53525E+01
 1.04821E+00   9.40023E+01
 1.05473E+00   9.26778E+01
 1.06146E+00   9.13902E+01
 1.06852E+00   9.01178E+01
 1.07568E+00   8.88921E+01
 1.08318E+00   8.76773E+01
 1.09071E+00   8.65117E+01
 1.09855E+00   8.53587E+01
 1.10640E+00   8.42518E+01
 1.11448E+00   8.31631E+01
 1.12256E+00   8.21144E+01
 1.13078E+00   8.10907E+01
 1.13902E+00   8.01002E+01
 1.14731E+00   7.91413E+01
 1.15563E+00   7.82097E+01
 1.16390E+00   7.73144E+01
 1.17221E+00   7.64422E+01
 1.18040E+00   7.56093E+01
 1.18860E+00   7.47972E+01
 1.19665E+00   7.40249E+01
 1.20466E+00   7.32735E+01
 1.21249E+00   7.25601E+01
 1.22024E+00   7.18693E+01
 1.22779E+00   7.12137E+01
 1.23520E+00   7.05824E+01
 1.24240E+00   6.99843E+01
 1.24941E+00   6.94111E+01
 1.25620E+00   6.88696E+01
 1.26275E+00   6.83538E+01
 1.26907E+00   6.78677E+01
 1.27510E+00   6.74086E+01
 1.28089E+00   6.69770E+01
 1.28636E+00   6.65732E+01
 1.29156E+00   6.61959E+01
 1.29642E+00   6.58461E+01
 1.30099E+00   6.55224E+01
 1.30520E+00   6.52259E+01
 1.30912E+00   6.49552E+01
 1.31264E+00   6.47112E+01
 1.31585E+00   6.44927E+01
 1.31867E+00   6.43011E+01
 1.32115E+00   6.41342E+01
 1.32323E+00   6.39942E+01
 1.32497E+00   6.38791E+01
 1.32630E+00   6.37899E+01
 1.32727E+00   6.37263E+01
 1.32784E+00   6.36880E+01
 1.32804E+00   6.36753E+01
 1.32784E+00   6.36884E+01
 1.32727E+00   6.37264E+01
 1.32631E+00   6.37904E+01
 1.32497E+00   6.38797E+01
 1.32324E+00   6.39947E+01
 1.32115E+00   6.41355E+01
 1.31868E+00   6.43017E+01
 1.31585E+00   6.44943E+01
 1.31266E+00   6.47123E+01
 1.30910E+00   6.49567E+01
 1.30523E+00   6.52273E+01
 1.30098E+00   6.55239E+01
 1.29644E+00   6.58476E+01
 1.29155E+00   6.61972E+01
 1.28637E+00   6.65747E+01
 1.28088E+00   6.69781E+01
 1.27511E+00   6.74102E+01
 1.26906E+00   6.78678E+01
 1.26276E+00   6.83557E+01
 1.25619E+00   6.88684E+01
 1.24941E+00   6.94128E+01
 1.24239E+00   6.99816E+01
 1.23519E+00   7.05835E+01
 1.22778E+00   7.12097E+01
 1.22021E+00   7.18696E+01
 1.21248E+00   7.25544E+01
 1.20462E+00   7.32731E+01
 1.19664E+00   7.40177E+01
 1.18855E+00   7.47961E+01
 1.18040E+00   7.56015E+01
 1.17216E+00   7.64402E+01
 1.16390E+00   7.73077E+01
 1.15559E+00   7.82067E+01
 1.14730E+00   7.91377E+01
 1.13900E+00   8.00967E+01
 1.13076E+00   8.10919E+01
 1.12255E+00   8.21113E+01
 1.11445E+00   8.31697E+01
 1.10641E+00   8.42505E+01
 1.09852E+00   8.53707E+01
 1.09075E+00   8.65126E+01
 1.08313E+00   8.76929E+01
 1.07572E+00   8.88955E+01
 1.06846E+00   9.01335E+01
 1.06149E+00   9.13963E+01
 1.05467E+00   9.26885E+01
 1.04820E+00   9.40105E+01
 1.04192E+00   9.53538E+01
 1.03601E+00   9.67321E+01
 1.03036E+00   9.81249E+01
 1.02504E+00   9.95552E+01
 1.02009E+00   1.00996E+02
 1.01542E+00   1.02473E+02
 1.01123E+00   1.03961E+02
 1.00725E+00   1.05479E+02
 1.00385E+00   1.07010E+02
 1.00063E+00   1.08564E+02
 9.97996E-01   1.10133E+02
 9.95629E-01   1.11714E+02
 9.93741E-01   1.13316E+02
 9.92291E-01   1.14918E+02
 9.91144E-01   1.16542E+02
 9.90633E-01   1.18160E+02
 9.90273E-01   1.19798E+02
 9.90660E-01   1.21429E+02
 9.91187E-01   1.23071E+02
 9.92381E-01   1.24715E+02
 9.93901E-01   1.26355E+02
 9.95823E-01   1.28007E+02
 9.98349E-01   1.29643E+02
 1.00099E+00   1.31296E+02
 1.00440E+00   1.32928E+02
 1.00782E+00   1.34566E+02
 1.01191E+00   1.36194E+02
 1.01612E+00   1.37806E+02
 1.02072E+00   1.39424E+02
 1.02572E+00   1.41009E+02
 1.03082E+00   1.42605E+02
 1.03654E+00   1.44173E+02
 1.04226E+00   1.45738E+02
 1.04859E+00   1.47296E+02
 1.05503E+00   1.48829E+02
 1.06184E+00   1.50373E+02
 1.06894E+00   1.51885E+02
 1.07612E+00   1.53395E+02
 1.08366E+00   1.54893E+02
 1.09113E+00   1.56362E+02
 1.09896E+00   1.57840E+02
 1.10681E+00   1.59280E+02
 1.11491E+00   1.60720E+02
 1.12326E+00   1.62147E+02
 1.13169E+00   1.63543E+02
 1.14049E+00   1.64950E+02
 1.14923E+00   1.66319E+02
 1.15819E+00   1.67686E+02
 1.16719E+00   1.69050E+02
 1.17617E+00   1.70382E+02
 1.18543E+00   1.71731E+02
 1.19456E+00   1.73051E+02
 1.20405E+00   1.74361E+02
 1.21339E+00   1.75671E+02
 1.22277E+00   1.76944E+02
 1.23216E+00   1.78223E+02
 1.24120E+00   1.79488E+02
 1.25064E+00   1.80733E+02
 1.25974E+00   1.81995E+02
 1.26931E+00   1.83231E+02
 1.27892E+00   1.84459E+02
 1.28833E+00   1.85694E+02
 1.29803E+00   1.86887E+02
 1.30709E+00   1.88096E+02
 1.31639E+00   1.89287E+02
 1.32572E+00   1.90462E+02
 1.33500E+00   1.91654E+02
 1.34463E+00   1.92814E+02
 1.35416E+00   1.93985E+02
 1.36316E+00   1.95147E+02
 1.37227E+00   1.96299E+02
 1.38100E+00   1.97458E+02
 1.38954E+00   1.98594E+02
 1.39885E+00   1.99736E+02
 1.40755E+00   2.00852E+02
 1.41643E+00   2.01975E+02
 1.42543E+00   2.03099E+02
 1.43391E+00   2.04205E+02
 1.44265E+00   2.05341E+02
 1.45149E+00   2.06448E+02
 1.45956E+00   2.07553E+02
 1.46743E+00   2.08670E+02
 1.47573E+00   2.09753E+02
 1.48351E+00   2.10838E+02
 1.49222E+00   2.11932E+02
 1.50100E+00   2.13012E+02
 1.50819E+00   2.14093E+02
 1.51546E+00   2.15197E+02
 1.52301E+00   2.16276E+02
 1.53068E+00   2.17326E+02
 1.53904E+00   2.18419E+02
 1.54654E+00   2.19526E+02
 1.55307E+00   2.20589E+02
 1.56027E+00   2.21628E+02
