/rn,a,b/nx0/ls1
283 -0.282 0.282 0 OUTPUT_AMP_PHASE Wavelength=0.564
 1.60718E+00   2.43430E+02
 1.61183E+00   2.42638E+02
 1.61735E+00   2.41851E+02
 1.62136E+00   2.41043E+02
 1.62433E+00   2.40249E+02
 1.62880E+00   2.39486E+02
 1.63333E+00   2.38700E+02
 1.63693E+00   2.37911E+02
 1.64171E+00   2.37151E+02
 1.64518E+00   2.36382E+02
 1.64798E+00   2.35620E+02
 1.65249E+00   2.34868E+02
 1.65578E+00   2.34101E+02
 1.65915E+00   2.33347E+02
 1.66298E+00   2.32599E+02
 1.66558E+00   2.31866E+02
 1.66930E+00   2.31124E+02
 1.67264E+00   2.30383E+02
 1.67541E+00   2.29652E+02
 1.67843E+00   2.28910E+02
 1.68082E+00   2.28199E+02
 1.68319E+00   2.27487E+02
 1.68594E+00   2.26781E+02
 1.68881E+00   2.26080E+02
 1.69077E+00   2.25369E+02
 1.69343E+00   2.24670E+02
 1.69500E+00   2.23966E+02
 1.69634E+00   2.23277E+02
 1.69870E+00   2.22589E+02
 1.69967E+00   2.21911E+02
 1.70161E+00   2.21237E+02
 1.70298E+00   2.20568E+02
 1.70362E+00   2.19902E+02
 1.70471E+00   2.19238E+02
 1.70531E+00   2.18582E+02
 1.70586E+00   2.17926E+02
 1.70673E+00   2.17285E+02
 1.70720E+00   2.16647E+02
 1.70712E+00   2.16018E+02
 1.70730E+00   2.15395E+02
 1.70624E+00   2.14772E+02
 1.70562E+00   2.14149E+02
 1.70479E+00   2.13532E+02
 1.70354E+00   2.12912E+02
 1.70300E+00   2.12306E+02
 1.70152E+00   2.11708E+02
 1.70014E+00   2.11112E+02
 1.69835E+00   2.10536E+02
 1.69577E+00   2.09949E+02
 1.69343E+00   2.09378E+02
 1.69042E+00   2.08803E+02
 1.68754E+00   2.08229E+02
 1.68469E+00   2.07670E+02
 1.68129E+00   2.07109E+02
 1.67821E+00   2.06563E+02
 1.67418E+00   2.06026E+02
 1.67013E+00   2.05489E+02
 1.66548E+00   2.04967E+02
 1.66027E+00   2.04440E+02
 1.65516E+00   2.03919E+02
 1.64924E+00   2.03408E+02
 1.64373E+00   2.02884E+02
 1.63756E+00   2.02390E+02
 1.63145E+00   2.01877E+02
 1.62509E+00   2.01394E+02
 1.61808E+00   2.00906E+02
 1.61123E+00   2.00426E+02
 1.60330E+00   1.99963E+02
 1.59553E+00   1.99486E+02
 1.58694E+00   1.99040E+02
 1.57805E+00   1.98571E+02
 1.56904E+00   1.98133E+02
 1.55914E+00   1.97680E+02
 1.54965E+00   1.97245E+02
 1.53907E+00   1.96815E+02
 1.52877E+00   1.96385E+02
 1.51781E+00   1.95977E+02
 1.50642E+00   1.95557E+02
 1.49511E+00   1.95166E+02
 1.48259E+00   1.94758E+02
 1.47071E+00   1.94378E+02
 1.45729E+00   1.93986E+02
 1.44449E+00   1.93612E+02
 1.43048E+00   1.93238E+02
 1.41645E+00   1.92868E+02
 1.40204E+00   1.92513E+02
 1.38669E+00   1.92150E+02
 1.37182E+00   1.91813E+02
 1.35531E+00   1.91461E+02
 1.33974E+00   1.91138E+02
 1.32236E+00   1.90801E+02
 1.30582E+00   1.90490E+02
 1.28783E+00   1.90170E+02
 1.27012E+00   1.89868E+02
 1.25170E+00   1.89567E+02
 1.23277E+00   1.89273E+02
 1.21393E+00   1.88988E+02
 1.19386E+00   1.88703E+02
 1.17446E+00   1.88433E+02
 1.15343E+00   1.88157E+02
 1.13329E+00   1.87901E+02
 1.11148E+00   1.87636E+02
 1.09042E+00   1.87391E+02
 1.06799E+00   1.87140E+02
 1.04589E+00   1.86906E+02
 1.02290E+00   1.86669E+02
 9.99729E-01   1.86446E+02
 9.76202E-01   1.86225E+02
 9.51996E-01   1.86013E+02
 9.27895E-01   1.85807E+02
 9.02741E-01   1.85607E+02
 8.78014E-01   1.85416E+02
 8.52023E-01   1.85229E+02
 8.26622E-01   1.85052E+02
 7.99907E-01   1.84879E+02
 7.73797E-01   1.84714E+02
 7.46457E-01   1.84556E+02
 7.19627E-01   1.84403E+02
 6.91742E-01   1.84260E+02
 6.64206E-01   1.84118E+02
 6.35834E-01   1.83991E+02
 6.07626E-01   1.83858E+02
 5.78812E-01   1.83747E+02
 5.49982E-01   1.83624E+02
 5.20764E-01   1.83528E+02
 4.91364E-01   1.83416E+02
 4.61778E-01   1.83336E+02
 4.31874E-01   1.83233E+02
 4.01949E-01   1.83169E+02
 3.71607E-01   1.83076E+02
 3.41379E-01   1.83028E+02
 3.10668E-01   1.82945E+02
 2.80175E-01   1.82914E+02
 2.49162E-01   1.82841E+02
 2.18445E-01   1.82830E+02
 1.87198E-01   1.82765E+02
 1.56303E-01   1.82781E+02
 1.24886E-01   1.82725E+02
 9.38642E-02   1.82791E+02
 6.23440E-02   1.82751E+02
 3.12457E-02   1.83058E+02
 3.39427E-04   3.39341E+02
 3.14367E-02   2.18664E+00
 6.29645E-02   2.51005E+00
 9.40584E-02   2.49906E+00
 1.25496E-01   2.60979E+00
 1.56502E-01   2.60674E+00
 1.87788E-01   2.69386E+00
 2.18651E-01   2.70678E+00
 2.49720E-01   2.79270E+00
 2.80391E-01   2.82104E+00
 3.11178E-01   2.91251E+00
 3.41606E-01   2.95528E+00
 3.72047E-01   3.05556E+00
 4.02187E-01   3.11197E+00
 4.32220E-01   3.22226E+00
 4.62023E-01   3.29255E+00
 4.91592E-01   3.41300E+00
 5.21009E-01   3.49758E+00
 5.50065E-01   3.62820E+00
 5.79048E-01   3.72725E+00
 6.07544E-01   3.86787E+00
 6.36045E-01   3.98144E+00
 6.63946E-01   4.13182E+00
 6.91913E-01   4.26057E+00
 7.19193E-01   4.41990E+00
 7.46572E-01   4.56445E+00
 7.73217E-01   4.73244E+00
 7.99951E-01   4.89303E+00
 8.25956E-01   5.06956E+00
 8.51985E-01   5.24624E+00
 8.77360E-01   5.43149E+00
 9.02621E-01   5.62420E+00
 9.27374E-01   5.81877E+00
 9.51818E-01   6.02705E+00
 9.75939E-01   6.23198E+00
 9.99531E-01   6.45507E+00
 1.02300E+00   6.67185E+00
 1.04572E+00   6.90854E+00
 1.06848E+00   7.13912E+00
 1.09033E+00   7.38767E+00
 1.11231E+00   7.63404E+00
 1.13333E+00   7.89278E+00
 1.15444E+00   8.15611E+00
 1.17466E+00   8.42398E+00
 1.19481E+00   8.70419E+00
 1.21427E+00   8.98136E+00
 1.23339E+00   9.27677E+00
 1.25213E+00   9.56491E+00
 1.27021E+00   9.87264E+00
 1.28824E+00   1.01745E+01
 1.30534E+00   1.04914E+01
 1.32262E+00   1.08102E+01
 1.33886E+00   1.11339E+01
 1.35533E+00   1.14719E+01
 1.37085E+00   1.18027E+01
 1.38643E+00   1.21594E+01
 1.40133E+00   1.25010E+01
 1.41597E+00   1.28727E+01
 1.43025E+00   1.32312E+01
 1.44391E+00   1.36118E+01
 1.45750E+00   1.39927E+01
 1.47021E+00   1.43772E+01
 1.48296E+00   1.47814E+01
 1.49481E+00   1.51694E+01
 1.50663E+00   1.55912E+01
 1.51776E+00   1.59886E+01
 1.52861E+00   1.64176E+01
 1.53917E+00   1.68334E+01
 1.54917E+00   1.72609E+01
 1.55920E+00   1.77005E+01
 1.56851E+00   1.81267E+01
 1.57789E+00   1.85871E+01
 1.58667E+00   1.90221E+01
 1.59517E+00   1.94934E+01
 1.60343E+00   1.99506E+01
 1.61092E+00   2.04236E+01
 1.61849E+00   2.09090E+01
 1.62512E+00   2.13831E+01
 1.63181E+00   2.18881E+01
 1.63797E+00   2.23725E+01
 1.64377E+00   2.28825E+01
 1.64971E+00   2.33866E+01
 1.65483E+00   2.38958E+01
 1.66036E+00   2.44199E+01
 1.66514E+00   2.49374E+01
 1.66976E+00   2.54746E+01
 1.67427E+00   2.60136E+01
 1.67783E+00   2.65588E+01
 1.68181E+00   2.71186E+01
 1.68481E+00   2.76746E+01
 1.68792E+00   2.82406E+01
 1.69089E+00   2.88098E+01
 1.69312E+00   2.93737E+01
 1.69591E+00   2.99521E+01
 1.69770E+00   3.05255E+01
 1.69966E+00   3.11081E+01
 1.70144E+00   3.17054E+01
 1.70254E+00   3.22969E+01
 1.70420E+00   3.29091E+01
 1.70508E+00   3.35199E+01
 1.70610E+00   3.41288E+01
 1.70692E+00   3.47572E+01
 1.70702E+00   3.53717E+01
 1.70724E+00   3.60039E+01
 1.70677E+00   3.66497E+01
 1.70636E+00   3.72816E+01
 1.70585E+00   3.79486E+01
 1.70539E+00   3.85957E+01
 1.70481E+00   3.92477E+01
 1.70411E+00   3.99215E+01
 1.70302E+00   4.05663E+01
 1.70151E+00   4.12500E+01
 1.69997E+00   4.19246E+01
 1.69820E+00   4.25945E+01
 1.69665E+00   4.32902E+01
 1.69499E+00   4.39615E+01
 1.69338E+00   4.46529E+01
 1.69111E+00   4.53582E+01
 1.68883E+00   4.60606E+01
 1.68624E+00   4.67846E+01
 1.68319E+00   4.75015E+01
 1.68100E+00   4.82159E+01
 1.67787E+00   4.89276E+01
 1.67504E+00   4.96488E+01
 1.67237E+00   5.03764E+01
 1.66899E+00   5.11045E+01
 1.66625E+00   5.18604E+01
 1.66329E+00   5.25968E+01
 1.65956E+00   5.33496E+01
 1.65581E+00   5.41226E+01
 1.65212E+00   5.48646E+01
 1.64800E+00   5.56225E+01
 1.64490E+00   5.63780E+01
 1.64176E+00   5.71278E+01
 1.63713E+00   5.79056E+01
 1.63288E+00   5.87098E+01
 1.62867E+00   5.94899E+01
 1.62430E+00   6.02488E+01
 1.62109E+00   6.10402E+01
 1.61725E+00   6.18613E+01
 1.61207E+00   6.26595E+01
 1.60736E+00   6.34319E+01
