/rn,a,b/nx0/ls1
283 -0.282 0.282 0 OUTPUT_AMP_PHASE Wavelength=0.564
 2.24546E+00   4.56248E+01
 2.24381E+00   4.47437E+01
 2.24348E+00   4.39412E+01
 2.24116E+00   4.30174E+01
 2.23429E+00   4.21072E+01
 2.23178E+00   4.12797E+01
 2.23126E+00   4.04330E+01
 2.22546E+00   3.94834E+01
 2.22576E+00   3.87131E+01
 2.22199E+00   3.78202E+01
 2.21455E+00   3.69352E+01
 2.21531E+00   3.61555E+01
 2.20911E+00   3.52754E+01
 2.20566E+00   3.44084E+01
 2.20316E+00   3.36395E+01
 2.19634E+00   3.27381E+01
 2.19386E+00   3.19687E+01
 2.19102E+00   3.11086E+01
 2.18416E+00   3.02973E+01
 2.18305E+00   2.94474E+01
 2.17368E+00   2.86623E+01
 2.17170E+00   2.78371E+01
 2.16272E+00   2.70481E+01
 2.16272E+00   2.62874E+01
 2.15286E+00   2.54317E+01
 2.15154E+00   2.47018E+01
 2.14383E+00   2.38537E+01
 2.13643E+00   2.30844E+01
 2.13318E+00   2.23037E+01
 2.12425E+00   2.15312E+01
 2.11983E+00   2.07280E+01
 2.11409E+00   2.00340E+01
 2.10574E+00   1.91582E+01
 2.10044E+00   1.85152E+01
 2.09239E+00   1.76511E+01
 2.08511E+00   1.69934E+01
 2.07855E+00   1.61936E+01
 2.07115E+00   1.55236E+01
 2.06284E+00   1.47515E+01
 2.05620E+00   1.40703E+01
 2.04635E+00   1.33160E+01
 2.03836E+00   1.25944E+01
 2.03064E+00   1.18852E+01
 2.02000E+00   1.11495E+01
 2.01499E+00   1.04614E+01
 2.00242E+00   9.78099E+00
 1.99716E+00   9.05930E+00
 1.98404E+00   8.43668E+00
 1.97674E+00   7.68703E+00
 1.96381E+00   7.05615E+00
 1.95557E+00   6.34306E+00
 1.94264E+00   5.66643E+00
 1.93510E+00   5.02536E+00
 1.92133E+00   4.33284E+00
 1.91433E+00   3.73615E+00
 1.89959E+00   3.06213E+00
 1.89129E+00   2.47310E+00
 1.87682E+00   1.80630E+00
 1.86578E+00   1.22783E+00
 1.85301E+00   5.34466E-01
 1.83952E+00   3.59996E+02
 1.82817E+00   3.59272E+02
 1.81407E+00   3.58778E+02
 1.80196E+00   3.58065E+02
 1.78918E+00   3.57579E+02
 1.77419E+00   3.56924E+02
 1.76319E+00   3.56395E+02
 1.74535E+00   3.55824E+02
 1.73472E+00   3.55228E+02
 1.71600E+00   3.54729E+02
 1.70384E+00   3.54086E+02
 1.68623E+00   3.53622E+02
 1.67169E+00   3.52983E+02
 1.65555E+00   3.52508E+02
 1.63928E+00   3.51935E+02
 1.62341E+00   3.51413E+02
 1.60670E+00   3.50937E+02
 1.58970E+00   3.50359E+02
 1.57338E+00   3.49969E+02
 1.55475E+00   3.49361E+02
 1.53858E+00   3.49009E+02
 1.51898E+00   3.48418E+02
 1.50195E+00   3.48045E+02
 1.48257E+00   3.47519E+02
 1.46355E+00   3.47084E+02
 1.44534E+00   3.46646E+02
 1.42384E+00   3.46146E+02
 1.40682E+00   3.45785E+02
 1.38329E+00   3.45253E+02
 1.36666E+00   3.44927E+02
 1.34220E+00   3.44415E+02
 1.32480E+00   3.44075E+02
 1.30053E+00   3.43628E+02
 1.28149E+00   3.43241E+02
 1.25805E+00   3.42883E+02
 1.23711E+00   3.42439E+02
 1.21450E+00   3.42164E+02
 1.19198E+00   3.41680E+02
 1.16968E+00   3.41464E+02
 1.14629E+00   3.40967E+02
 1.12349E+00   3.40776E+02
 1.10001E+00   3.40304E+02
 1.07600E+00   3.40100E+02
 1.05296E+00   3.39686E+02
 1.02738E+00   3.39442E+02
 1.00492E+00   3.39105E+02
 9.77774E-01   3.38811E+02
 9.55774E-01   3.38557E+02
 9.27271E-01   3.38213E+02
 9.05455E-01   3.38034E+02
 8.75910E-01   3.37654E+02
 8.53989E-01   3.37534E+02
 8.23713E-01   3.37139E+02
 8.01450E-01   3.37055E+02
 7.70737E-01   3.36671E+02
 7.47927E-01   3.36595E+02
 7.17008E-01   3.36248E+02
 6.93536E-01   3.36159E+02
 6.62512E-01   3.35867E+02
 6.38401E-01   3.35750E+02
 6.07292E-01   3.35526E+02
 5.82580E-01   3.35369E+02
 5.51439E-01   3.35222E+02
 5.26100E-01   3.35019E+02
 4.95045E-01   3.34955E+02
 4.68997E-01   3.34702E+02
 4.38153E-01   3.34723E+02
 4.11357E-01   3.34420E+02
 3.80800E-01   3.34521E+02
 3.53277E-01   3.34176E+02
 3.22999E-01   3.34349E+02
 2.94875E-01   3.33970E+02
 2.64767E-01   3.34216E+02
 2.36219E-01   3.33794E+02
 2.06165E-01   3.34131E+02
 1.77362E-01   3.33640E+02
 1.47289E-01   3.34111E+02
 1.18339E-01   3.33482E+02
 8.82214E-02   3.34236E+02
 5.92184E-02   3.33211E+02
 2.90296E-02   3.35193E+02
 4.77777E-04   2.52918E+02
 3.02542E-02   1.52262E+02
 5.90389E-02   1.54164E+02
 8.94866E-02   1.53224E+02
 1.18095E-01   1.54002E+02
 1.48594E-01   1.53470E+02
 1.77016E-01   1.54021E+02
 2.07533E-01   1.53650E+02
 2.35681E-01   1.54105E+02
 2.66277E-01   1.53831E+02
 2.93987E-01   1.54234E+02
 3.24794E-01   1.54035E+02
 3.51878E-01   1.54399E+02
 3.82976E-01   1.54268E+02
 4.09348E-01   1.54596E+02
 4.40690E-01   1.54535E+02
 4.66392E-01   1.54823E+02
 4.97833E-01   1.54834E+02
 5.22960E-01   1.55087E+02
 5.54356E-01   1.55162E+02
 5.78985E-01   1.55386E+02
 6.10217E-01   1.55519E+02
 6.34442E-01   1.55718E+02
 6.65353E-01   1.55911E+02
 6.89289E-01   1.56080E+02
 7.19747E-01   1.56335E+02
 7.43454E-01   1.56478E+02
 7.73366E-01   1.56787E+02
 7.96901E-01   1.56914E+02
 8.26164E-01   1.57265E+02
 8.49633E-01   1.57395E+02
 8.78115E-01   1.57765E+02
 9.01602E-01   1.57918E+02
 9.29209E-01   1.58291E+02
 9.52735E-01   1.58483E+02
 9.79408E-01   1.58846E+02
 1.00298E+00   1.59087E+02
 1.02867E+00   1.59429E+02
 1.05223E+00   1.59727E+02
 1.07701E+00   1.60044E+02
 1.10035E+00   1.60397E+02
 1.12441E+00   1.60693E+02
 1.14723E+00   1.61093E+02
 1.17086E+00   1.61376E+02
 1.19280E+00   1.61810E+02
 1.21630E+00   1.62091E+02
 1.23706E+00   1.62542E+02
 1.26065E+00   1.62840E+02
 1.28014E+00   1.63290E+02
 1.30378E+00   1.63622E+02
 1.32225E+00   1.64057E+02
 1.34560E+00   1.64437E+02
 1.36359E+00   1.64853E+02
 1.38606E+00   1.65281E+02
 1.40420E+00   1.65691E+02
 1.42531E+00   1.66153E+02
 1.44390E+00   1.66579E+02
 1.46353E+00   1.67050E+02
 1.48239E+00   1.67520E+02
 1.50077E+00   1.67975E+02
 1.51943E+00   1.68500E+02
 1.53699E+00   1.68929E+02
 1.55496E+00   1.69499E+02
 1.57210E+00   1.69917E+02
 1.58911E+00   1.70496E+02
 1.60605E+00   1.70943E+02
 1.62225E+00   1.71487E+02
 1.63892E+00   1.72001E+02
 1.65476E+00   1.72487E+02
 1.67082E+00   1.73078E+02
 1.68685E+00   1.73530E+02
 1.70177E+00   1.74160E+02
 1.71832E+00   1.74637E+02
 1.73163E+00   1.75243E+02
 1.74854E+00   1.75803E+02
 1.76028E+00   1.76342E+02
 1.77683E+00   1.76996E+02
 1.78779E+00   1.77480E+02
 1.80319E+00   1.78182E+02
 1.81440E+00   1.78669E+02
 1.82858E+00   1.79360E+02
 1.84027E+00   1.79896E+02
 1.85402E+00   1.80562E+02
 1.86509E+00   1.81138E+02
 1.87963E+00   1.81816E+02
 1.88849E+00   1.82393E+02
 1.90408E+00   1.83111E+02
 1.91070E+00   1.83686E+02
 1.92596E+00   1.84408E+02
 1.93256E+00   1.85034E+02
 1.94549E+00   1.85691E+02
 1.95424E+00   1.86400E+02
 1.96447E+00   1.86996E+02
 1.97467E+00   1.87736E+02
 1.98429E+00   1.88359E+02
 1.99295E+00   1.89051E+02
 2.00435E+00   1.89768E+02
 2.01035E+00   1.90419E+02
 2.02321E+00   1.91174E+02
 2.02888E+00   1.91868E+02
 2.04038E+00   1.92571E+02
 2.04792E+00   1.93334E+02
 2.05603E+00   1.94001E+02
 2.06477E+00   1.94772E+02
 2.07039E+00   1.95477E+02
 2.07882E+00   1.96245E+02
 2.08474E+00   1.96949E+02
 2.09226E+00   1.97800E+02
 2.09985E+00   1.98406E+02
 2.10588E+00   1.99351E+02
 2.11386E+00   1.99918E+02
 2.11881E+00   2.00823E+02
 2.12542E+00   2.01511E+02
 2.13186E+00   2.02286E+02
 2.13728E+00   2.03101E+02
 2.14524E+00   2.03827E+02
 2.15008E+00   2.04653E+02
 2.15706E+00   2.05448E+02
 2.15971E+00   2.06236E+02
 2.16764E+00   2.07088E+02
 2.16722E+00   2.07847E+02
 2.17761E+00   2.08686E+02
 2.17775E+00   2.09460E+02
 2.18510E+00   2.10248E+02
 2.18902E+00   2.11135E+02
 2.19322E+00   2.11872E+02
 2.19824E+00   2.12822E+02
 2.20340E+00   2.13601E+02
 2.20650E+00   2.14455E+02
 2.20907E+00   2.15329E+02
 2.21370E+00   2.16126E+02
 2.21563E+00   2.16967E+02
 2.22120E+00   2.17810E+02
 2.22699E+00   2.18658E+02
 2.22709E+00   2.19497E+02
 2.22968E+00   2.20419E+02
 2.23173E+00   2.21288E+02
 2.23451E+00   2.22086E+02
 2.24014E+00   2.23018E+02
 2.24305E+00   2.23916E+02
 2.24379E+00   2.24815E+02
 2.24569E+00   2.25594E+02
