/rn,a,b/nx0/ls1
283 -0.282 0.282 0 OUTPUT_AMP_PHASE Wavelength=0.564
 1.28985E+00   6.52781E+01
 1.29250E+00   6.43995E+01
 1.29462E+00   6.35241E+01
 1.29694E+00   6.26910E+01
 1.29926E+00   6.18975E+01
 1.30090E+00   6.11130E+01
 1.30275E+00   6.02497E+01
 1.30538E+00   5.93660E+01
 1.30770E+00   5.85627E+01
 1.30910E+00   5.77661E+01
 1.31071E+00   5.69648E+01
 1.31241E+00   5.61707E+01
 1.31393E+00   5.53304E+01
 1.31594E+00   5.45225E+01
 1.31745E+00   5.37400E+01
 1.31843E+00   5.29499E+01
 1.31979E+00   5.21684E+01
 1.32070E+00   5.13627E+01
 1.32199E+00   5.05651E+01
 1.32317E+00   4.97848E+01
 1.32404E+00   4.90153E+01
 1.32499E+00   4.82607E+01
 1.32553E+00   4.75006E+01
 1.32635E+00   4.67316E+01
 1.32660E+00   4.59713E+01
 1.32716E+00   4.52075E+01
 1.32724E+00   4.44576E+01
 1.32721E+00   4.37166E+01
 1.32756E+00   4.29696E+01
 1.32720E+00   4.22385E+01
 1.32739E+00   4.14969E+01
 1.32696E+00   4.07707E+01
 1.32637E+00   4.00457E+01
 1.32580E+00   3.93244E+01
 1.32484E+00   3.86126E+01
 1.32410E+00   3.78987E+01
 1.32315E+00   3.71963E+01
 1.32216E+00   3.64976E+01
 1.32084E+00   3.58084E+01
 1.31938E+00   3.51227E+01
 1.31756E+00   3.44425E+01
 1.31566E+00   3.37594E+01
 1.31375E+00   3.30808E+01
 1.31164E+00   3.24020E+01
 1.30960E+00   3.17305E+01
 1.30729E+00   3.10670E+01
 1.30464E+00   3.04116E+01
 1.30190E+00   2.97642E+01
 1.29858E+00   2.91219E+01
 1.29535E+00   2.84836E+01
 1.29186E+00   2.78450E+01
 1.28827E+00   2.72166E+01
 1.28484E+00   2.65812E+01
 1.28092E+00   2.59686E+01
 1.27719E+00   2.53449E+01
 1.27284E+00   2.47456E+01
 1.26837E+00   2.41410E+01
 1.26354E+00   2.35445E+01
 1.25831E+00   2.29603E+01
 1.25307E+00   2.23615E+01
 1.24741E+00   2.17942E+01
 1.24179E+00   2.12015E+01
 1.23593E+00   2.06445E+01
 1.22988E+00   2.00705E+01
 1.22375E+00   1.95165E+01
 1.21721E+00   1.89659E+01
 1.21061E+00   1.84117E+01
 1.20359E+00   1.78793E+01
 1.19633E+00   1.73291E+01
 1.18890E+00   1.68074E+01
 1.18098E+00   1.62705E+01
 1.17312E+00   1.57573E+01
 1.16464E+00   1.52416E+01
 1.15622E+00   1.47393E+01
 1.14734E+00   1.42470E+01
 1.13823E+00   1.37575E+01
 1.12900E+00   1.32848E+01
 1.11919E+00   1.28069E+01
 1.10961E+00   1.23475E+01
 1.09920E+00   1.18782E+01
 1.08914E+00   1.14269E+01
 1.07832E+00   1.09652E+01
 1.06762E+00   1.05206E+01
 1.05649E+00   1.00694E+01
 1.04503E+00   9.63240E+00
 1.03357E+00   9.19759E+00
 1.02134E+00   8.77053E+00
 1.00942E+00   8.35737E+00
 9.96483E-01   7.94272E+00
 9.83937E-01   7.55323E+00
 9.70429E-01   7.15276E+00
 9.57152E-01   6.78497E+00
 9.43200E-01   6.39979E+00
 9.29172E-01   6.04896E+00
 9.14854E-01   5.67971E+00
 9.00132E-01   5.34053E+00
 8.85461E-01   4.98770E+00
 8.70137E-01   4.65616E+00
 8.55072E-01   4.32004E+00
 8.39228E-01   3.99448E+00
 8.23702E-01   3.67513E+00
 8.07397E-01   3.35626E+00
 7.91344E-01   3.05355E+00
 7.74602E-01   2.74362E+00
 7.57978E-01   2.45738E+00
 7.40793E-01   2.15907E+00
 7.23586E-01   1.88926E+00
 7.05944E-01   1.60480E+00
 6.88165E-01   1.35138E+00
 6.70056E-01   1.08261E+00
 6.51732E-01   8.45375E-01
 6.33159E-01   5.93387E-01
 6.14325E-01   3.72392E-01
 5.95303E-01   1.37324E-01
 5.75999E-01   3.59933E+02
 5.56549E-01   3.59714E+02
 5.36813E-01   3.59526E+02
 5.16964E-01   3.59324E+02
 4.96832E-01   3.59152E+02
 4.76617E-01   3.58966E+02
 4.56114E-01   3.58811E+02
 4.35572E-01   3.58639E+02
 4.14727E-01   3.58501E+02
 3.93888E-01   3.58345E+02
 3.72730E-01   3.58223E+02
 3.51622E-01   3.58082E+02
 3.30181E-01   3.57978E+02
 3.08834E-01   3.57851E+02
 2.87139E-01   3.57765E+02
 2.65584E-01   3.57653E+02
 2.43663E-01   3.57585E+02
 2.21930E-01   3.57487E+02
 1.99816E-01   3.57440E+02
 1.77932E-01   3.57356E+02
 1.55659E-01   3.57333E+02
 1.33657E-01   3.57262E+02
 1.11258E-01   3.57272E+02
 8.91699E-02   3.57216E+02
 6.66806E-02   3.57287E+02
 4.45389E-02   3.57267E+02
 2.19952E-02   3.57649E+02
 2.22453E-04   1.34998E+02
 2.27318E-02   1.76495E+02
 4.48737E-02   1.76890E+02
 6.74230E-02   1.76903E+02
 8.95162E-02   1.77036E+02
 1.12008E-01   1.77043E+02
 1.34022E-01   1.77150E+02
 1.56417E-01   1.77173E+02
 1.78318E-01   1.77279E+02
 2.00578E-01   1.77320E+02
 2.22333E-01   1.77434E+02
 2.44419E-01   1.77492E+02
 2.65999E-01   1.77618E+02
 2.87868E-01   1.77693E+02
 3.09244E-01   1.77831E+02
 3.30852E-01   1.77923E+02
 3.52004E-01   1.78074E+02
 3.73301E-01   1.78184E+02
 3.94209E-01   1.78348E+02
 4.15151E-01   1.78475E+02
 4.35793E-01   1.78651E+02
 4.56340E-01   1.78796E+02
 4.76700E-01   1.78984E+02
 4.96811E-01   1.79147E+02
 5.16874E-01   1.79347E+02
 5.36522E-01   1.79529E+02
 5.56266E-01   1.79739E+02
 5.75441E-01   1.79940E+02
 5.94842E-01   1.80160E+02
 6.13545E-01   1.80381E+02
 6.32577E-01   1.80612E+02
 6.50826E-01   1.80850E+02
 6.69451E-01   1.81094E+02
 6.87281E-01   1.81349E+02
 7.05452E-01   1.81607E+02
 7.22899E-01   1.81878E+02
 7.40564E-01   1.82151E+02
 7.57649E-01   1.82436E+02
 7.74755E-01   1.82727E+02
 7.91471E-01   1.83025E+02
 8.07969E-01   1.83334E+02
 8.24268E-01   1.83645E+02
 8.40125E-01   1.83972E+02
 8.55922E-01   1.84297E+02
 8.71129E-01   1.84639E+02
 8.86321E-01   1.84980E+02
 9.00898E-01   1.85335E+02
 9.15403E-01   1.85693E+02
 9.29400E-01   1.86058E+02
 9.43199E-01   1.86435E+02
 9.56680E-01   1.86806E+02
 9.69835E-01   1.87201E+02
 9.82862E-01   1.87580E+02
 9.95502E-01   1.87990E+02
 1.00810E+00   1.88380E+02
 1.02036E+00   1.88800E+02
 1.03251E+00   1.89207E+02
 1.04443E+00   1.89633E+02
 1.05605E+00   1.90065E+02
 1.06756E+00   1.90494E+02
 1.07855E+00   1.90952E+02
 1.08947E+00   1.91389E+02
 1.09977E+00   1.91869E+02
 1.10993E+00   1.92322E+02
 1.11959E+00   1.92813E+02
 1.12896E+00   1.93289E+02
 1.13811E+00   1.93778E+02
 1.14687E+00   1.94280E+02
 1.15565E+00   1.94763E+02
 1.16406E+00   1.95284E+02
 1.17251E+00   1.95769E+02
 1.18068E+00   1.96296E+02
 1.18871E+00   1.96801E+02
 1.19649E+00   1.97327E+02
 1.20390E+00   1.97864E+02
 1.21101E+00   1.98392E+02
 1.21772E+00   1.98956E+02
 1.22405E+00   1.99498E+02
 1.23015E+00   2.00070E+02
 1.23595E+00   2.00632E+02
 1.24167E+00   2.01198E+02
 1.24727E+00   2.01776E+02
 1.25277E+00   2.02342E+02
 1.25822E+00   2.02925E+02
 1.26342E+00   2.03514E+02
 1.26839E+00   2.04103E+02
 1.27305E+00   2.04725E+02
 1.27728E+00   2.05334E+02
 1.28133E+00   2.05969E+02
 1.28498E+00   2.06605E+02
 1.28856E+00   2.07223E+02
 1.29203E+00   2.07872E+02
 1.29532E+00   2.08478E+02
 1.29865E+00   2.09118E+02
 1.30166E+00   2.09750E+02
 1.30457E+00   2.10381E+02
 1.30723E+00   2.11058E+02
 1.30959E+00   2.11709E+02
 1.31198E+00   2.12397E+02
 1.31405E+00   2.13079E+02
 1.31611E+00   2.13742E+02
 1.31801E+00   2.14438E+02
 1.31953E+00   2.15102E+02
 1.32106E+00   2.15789E+02
 1.32205E+00   2.16503E+02
 1.32320E+00   2.17191E+02
 1.32410E+00   2.17929E+02
 1.32501E+00   2.18641E+02
 1.32597E+00   2.19346E+02
 1.32647E+00   2.20082E+02
 1.32703E+00   2.20774E+02
 1.32713E+00   2.21511E+02
 1.32722E+00   2.22246E+02
 1.32732E+00   2.22972E+02
 1.32744E+00   2.23728E+02
 1.32735E+00   2.24460E+02
 1.32737E+00   2.25200E+02
 1.32686E+00   2.25958E+02
 1.32612E+00   2.26717E+02
 1.32586E+00   2.27489E+02
 1.32464E+00   2.28268E+02
 1.32418E+00   2.29038E+02
 1.32315E+00   2.29804E+02
 1.32152E+00   2.30579E+02
 1.32091E+00   2.31364E+02
 1.31966E+00   2.32137E+02
 1.31876E+00   2.32938E+02
 1.31799E+00   2.33732E+02
 1.31593E+00   2.34518E+02
 1.31379E+00   2.35355E+02
 1.31211E+00   2.36174E+02
 1.31038E+00   2.36965E+02
 1.30932E+00   2.37772E+02
 1.30790E+00   2.38568E+02
 1.30533E+00   2.39362E+02
 1.30264E+00   2.40233E+02
 1.30055E+00   2.41090E+02
 1.29904E+00   2.41881E+02
 1.29716E+00   2.42707E+02
 1.29488E+00   2.43577E+02
 1.29263E+00   2.44438E+02
 1.28992E+00   2.45267E+02
