/rn,a,b/nx0/ls1
283 -0.282 0.282 0 OUTPUT_AMP_PHASE Wavelength=0.564
 1.24062E+00   2.17697E+02
 1.23485E+00   2.16566E+02
 1.22866E+00   2.15422E+02
 1.22221E+00   2.14318E+02
 1.21536E+00   2.13246E+02
 1.20788E+00   2.12162E+02
 1.20143E+00   2.11008E+02
 1.19591E+00   2.09849E+02
 1.18929E+00   2.08752E+02
 1.18189E+00   2.07635E+02
 1.17477E+00   2.06514E+02
 1.16766E+00   2.05397E+02
 1.16100E+00   2.04230E+02
 1.15440E+00   2.03099E+02
 1.14719E+00   2.01974E+02
 1.13972E+00   2.00824E+02
 1.13250E+00   1.99686E+02
 1.12529E+00   1.98510E+02
 1.11834E+00   1.97346E+02
 1.11118E+00   1.96189E+02
 1.10376E+00   1.95028E+02
 1.09631E+00   1.93876E+02
 1.08871E+00   1.92703E+02
 1.08150E+00   1.91524E+02
 1.07388E+00   1.90332E+02
 1.06662E+00   1.89138E+02
 1.05896E+00   1.87939E+02
 1.05128E+00   1.86736E+02
 1.04397E+00   1.85533E+02
 1.03618E+00   1.84317E+02
 1.02895E+00   1.83100E+02
 1.02129E+00   1.81873E+02
 1.01365E+00   1.80635E+02
 1.00610E+00   1.79393E+02
 9.98374E-01   1.78141E+02
 9.90933E-01   1.76887E+02
 9.83387E-01   1.75627E+02
 9.75926E-01   1.74363E+02
 9.68333E-01   1.73087E+02
 9.60790E-01   1.71803E+02
 9.53174E-01   1.70504E+02
 9.45722E-01   1.69194E+02
 9.38407E-01   1.67878E+02
 9.31174E-01   1.66548E+02
 9.24100E-01   1.65219E+02
 9.16983E-01   1.63878E+02
 9.09845E-01   1.62525E+02
 9.02774E-01   1.61165E+02
 8.95630E-01   1.59785E+02
 8.88702E-01   1.58400E+02
 8.81914E-01   1.57000E+02
 8.75210E-01   1.55595E+02
 8.68898E-01   1.54184E+02
 8.62385E-01   1.52764E+02
 8.56334E-01   1.51336E+02
 8.50038E-01   1.49896E+02
 8.44040E-01   1.48442E+02
 8.38116E-01   1.46974E+02
 8.32211E-01   1.45493E+02
 8.26768E-01   1.44000E+02
 8.21161E-01   1.42502E+02
 8.16145E-01   1.40991E+02
 8.11002E-01   1.39483E+02
 8.06292E-01   1.37959E+02
 8.01685E-01   1.36439E+02
 7.97255E-01   1.34903E+02
 7.93185E-01   1.33365E+02
 7.89126E-01   1.31819E+02
 7.85543E-01   1.30261E+02
 7.81973E-01   1.28707E+02
 7.78817E-01   1.27136E+02
 7.75780E-01   1.25578E+02
 7.73023E-01   1.24003E+02
 7.70494E-01   1.22440E+02
 7.68162E-01   1.20871E+02
 7.66123E-01   1.19304E+02
 7.64282E-01   1.17745E+02
 7.62758E-01   1.16177E+02
 7.61460E-01   1.14631E+02
 7.60505E-01   1.13071E+02
 7.59770E-01   1.11539E+02
 7.59405E-01   1.09998E+02
 7.59226E-01   1.08480E+02
 7.59413E-01   1.06967E+02
 7.59772E-01   1.05465E+02
 7.60439E-01   1.03984E+02
 7.61315E-01   1.02502E+02
 7.62397E-01   1.01054E+02
 7.63760E-01   9.96014E+01
 7.65233E-01   9.81850E+01
 7.67043E-01   9.67688E+01
 7.68914E-01   9.53855E+01
 7.71135E-01   9.40128E+01
 7.73406E-01   9.26666E+01
 7.76007E-01   9.13430E+01
 7.78670E-01   9.00389E+01
 7.81603E-01   8.87676E+01
 7.84641E-01   8.75113E+01
 7.87859E-01   8.62931E+01
 7.91224E-01   8.50894E+01
 7.94690E-01   8.39245E+01
 7.98322E-01   8.27764E+01
 8.01996E-01   8.16652E+01
 8.05833E-01   8.05742E+01
 8.09669E-01   7.95173E+01
 8.13655E-01   7.84840E+01
 8.17613E-01   7.74822E+01
 8.21687E-01   7.65068E+01
 8.25727E-01   7.55609E+01
 8.29840E-01   7.46438E+01
 8.33913E-01   7.37542E+01
 8.38027E-01   7.28958E+01
 8.42082E-01   7.20635E+01
 8.46154E-01   7.12633E+01
 8.50147E-01   7.04895E+01
 8.54133E-01   6.97470E+01
 8.58027E-01   6.90322E+01
 8.61883E-01   6.83474E+01
 8.65636E-01   6.76908E+01
 8.69325E-01   6.70645E+01
 8.72900E-01   6.64654E+01
 8.76385E-01   6.58972E+01
 8.79744E-01   6.53557E+01
 8.82995E-01   6.48444E+01
 8.86101E-01   6.43605E+01
 8.89084E-01   6.39059E+01
 8.91916E-01   6.34788E+01
 8.94595E-01   6.30807E+01
 8.97123E-01   6.27095E+01
 8.99487E-01   6.23677E+01
 9.01675E-01   6.20521E+01
 9.03705E-01   6.17658E+01
 9.05541E-01   6.15058E+01
 9.07205E-01   6.12743E+01
 9.08678E-01   6.10698E+01
 9.09961E-01   6.08928E+01
 9.11052E-01   6.07432E+01
 9.11951E-01   6.06211E+01
 9.12648E-01   6.05256E+01
 9.13150E-01   6.04582E+01
 9.13452E-01   6.04173E+01
 9.13551E-01   6.04038E+01
 9.13452E-01   6.04179E+01
 9.13153E-01   6.04582E+01
 9.12649E-01   6.05270E+01
 9.11954E-01   6.06217E+01
 9.11052E-01   6.07449E+01
 9.09966E-01   6.08943E+01
 9.08677E-01   6.10721E+01
 9.07207E-01   6.12762E+01
 9.05546E-01   6.15092E+01
 9.03699E-01   6.17677E+01
 9.01684E-01   6.20565E+01
 8.99481E-01   6.23697E+01
 8.97123E-01   6.27144E+01
 8.94593E-01   6.30831E+01
 8.91912E-01   6.34835E+01
 8.89073E-01   6.39086E+01
 8.86102E-01   6.43652E+01
 8.82975E-01   6.48466E+01
 8.79743E-01   6.53599E+01
 8.76363E-01   6.58981E+01
 8.72900E-01   6.64680E+01
 8.69299E-01   6.70640E+01
 8.65645E-01   6.76907E+01
 8.61854E-01   6.83454E+01
 8.58043E-01   6.90285E+01
 8.54108E-01   6.97426E+01
 8.50171E-01   7.04824E+01
 8.46137E-01   7.12559E+01
 8.42114E-01   7.20531E+01
 8.38025E-01   7.28860E+01
 8.33957E-01   7.37413E+01
 8.29854E-01   7.46335E+01
 8.25787E-01   7.55472E+01
 8.21713E-01   7.64989E+01
 8.17691E-01   7.74708E+01
 8.13693E-01   7.84811E+01
 8.09758E-01   7.95121E+01
 8.05887E-01   8.05786E+01
 8.02088E-01   8.16692E+01
 7.98384E-01   8.27894E+01
 7.94780E-01   8.39378E+01
 7.91280E-01   8.51100E+01
 7.87925E-01   8.63126E+01
 7.84677E-01   8.75348E+01
 7.81609E-01   8.87878E+01
 7.78671E-01   9.00573E+01
 7.75917E-01   9.13565E+01
 7.73352E-01   9.26716E+01
 7.70934E-01   9.40127E+01
 7.68793E-01   9.53724E+01
 7.66747E-01   9.67525E+01
 7.65064E-01   9.81555E+01
 7.63439E-01   9.95743E+01
 7.62230E-01   1.01017E+02
 7.61088E-01   1.02475E+02
 7.60335E-01   1.03953E+02
 7.59756E-01   1.05447E+02
 7.59423E-01   1.06954E+02
 7.59443E-01   1.08477E+02
 7.59518E-01   1.10005E+02
 7.60110E-01   1.11546E+02
 7.60629E-01   1.13089E+02
 7.61705E-01   1.14639E+02
 7.62757E-01   1.16191E+02
 7.64235E-01   1.17744E+02
 7.65930E-01   1.19304E+02
 7.67798E-01   1.20862E+02
 7.70198E-01   1.22426E+02
 7.72540E-01   1.23994E+02
 7.75579E-01   1.25560E+02
 7.78521E-01   1.27133E+02
 7.82013E-01   1.28700E+02
 7.85603E-01   1.30265E+02
 7.89362E-01   1.31826E+02
 7.93482E-01   1.33372E+02
 7.97486E-01   1.34918E+02
 8.01956E-01   1.36442E+02
 8.06373E-01   1.37969E+02
 8.11139E-01   1.39479E+02
 8.16152E-01   1.40985E+02
 8.21322E-01   1.42489E+02
 8.26900E-01   1.43981E+02
 8.32568E-01   1.45473E+02
 8.38422E-01   1.46955E+02
 8.44461E-01   1.48423E+02
 8.50347E-01   1.49892E+02
 8.56485E-01   1.51334E+02
 8.62535E-01   1.52777E+02
 8.68686E-01   1.54202E+02
 8.75244E-01   1.55608E+02
 8.81674E-01   1.57021E+02
 8.88747E-01   1.58395E+02
 8.95699E-01   1.59784E+02
 9.02836E-01   1.61149E+02
 9.10141E-01   1.62503E+02
 9.17059E-01   1.63871E+02
 9.24328E-01   1.65204E+02
 9.31392E-01   1.66555E+02
 9.38553E-01   1.67886E+02
 9.46140E-01   1.69195E+02
 9.53446E-01   1.70515E+02
 9.61096E-01   1.71793E+02
 9.68660E-01   1.73080E+02
 9.75798E-01   1.74363E+02
 9.83472E-01   1.75625E+02
 9.90574E-01   1.76910E+02
 9.98145E-01   1.78168E+02
 1.00595E+00   1.79415E+02
 1.01329E+00   1.80666E+02
 1.02130E+00   1.81877E+02
 1.02863E+00   1.83105E+02
 1.03610E+00   1.84323E+02
 1.04380E+00   1.85528E+02
 1.05129E+00   1.86752E+02
 1.05903E+00   1.87943E+02
 1.06684E+00   1.89138E+02
 1.07422E+00   1.90328E+02
 1.08150E+00   1.91505E+02
 1.08907E+00   1.92702E+02
 1.09598E+00   1.93873E+02
 1.10360E+00   1.95051E+02
 1.11097E+00   1.96205E+02
 1.11785E+00   1.97346E+02
 1.12543E+00   1.98516E+02
 1.13276E+00   1.99655E+02
 1.14011E+00   2.00821E+02
 1.14770E+00   2.01979E+02
 1.15444E+00   2.03095E+02
 1.16062E+00   2.04248E+02
 1.16741E+00   2.05393E+02
 1.17449E+00   2.06506E+02
 1.18200E+00   2.07646E+02
 1.18940E+00   2.08760E+02
 1.19590E+00   2.09844E+02
 1.20153E+00   2.10990E+02
 1.20781E+00   2.12134E+02
 1.21533E+00   2.13226E+02
 1.22221E+00   2.14338E+02
 1.22832E+00   2.15476E+02
 1.23458E+00   2.16603E+02
 1.24077E+00   2.17689E+02
