/rn,a,b/nx0/ls1
283 -0.282 0.282 0 OUTPUT_AMP_PHASE Wavelength=0.564
 1.74156E+00   4.50602E+01
 1.74088E+00   4.40523E+01
 1.73602E+00   4.31541E+01
 1.73293E+00   4.22594E+01
 1.72850E+00   4.14302E+01
 1.72201E+00   4.06274E+01
 1.71837E+00   3.96872E+01
 1.71675E+00   3.86429E+01
 1.71336E+00   3.78858E+01
 1.70753E+00   3.69733E+01
 1.70310E+00   3.61260E+01
 1.69853E+00   3.53148E+01
 1.69400E+00   3.43812E+01
 1.69180E+00   3.34919E+01
 1.68541E+00   3.27609E+01
 1.68087E+00   3.17861E+01
 1.67509E+00   3.10835E+01
 1.67015E+00   3.01000E+01
 1.66492E+00   2.93137E+01
 1.66181E+00   2.84173E+01
 1.65276E+00   2.76410E+01
 1.65248E+00   2.67923E+01
 1.64017E+00   2.60108E+01
 1.64187E+00   2.51663E+01
 1.62964E+00   2.43436E+01
 1.62913E+00   2.35283E+01
 1.61934E+00   2.27083E+01
 1.61481E+00   2.19046E+01
 1.60801E+00   2.11016E+01
 1.60227E+00   2.03155E+01
 1.59571E+00   1.94796E+01
 1.59068E+00   1.87683E+01
 1.58225E+00   1.78759E+01
 1.57691E+00   1.72326E+01
 1.56827E+00   1.63190E+01
 1.56192E+00   1.56885E+01
 1.55440E+00   1.47971E+01
 1.54763E+00   1.41548E+01
 1.53996E+00   1.33044E+01
 1.53296E+00   1.26410E+01
 1.52464E+00   1.18328E+01
 1.51688E+00   1.11410E+01
 1.50929E+00   1.03660E+01
 1.50038E+00   9.66793E+00
 1.49411E+00   8.90182E+00
 1.48380E+00   8.23876E+00
 1.47799E+00   7.45066E+00
 1.46614E+00   6.83531E+00
 1.46045E+00   6.01457E+00
 1.44719E+00   5.43011E+00
 1.44235E+00   4.60024E+00
 1.42809E+00   4.02688E+00
 1.42429E+00   3.22924E+00
 1.40959E+00   2.64724E+00
 1.40557E+00   1.91382E+00
 1.39117E+00   1.29274E+00
 1.38534E+00   6.36767E-01
 1.37195E+00   3.59948E+02
 1.36380E+00   3.59368E+02
 1.35163E+00   3.58616E+02
 1.34192E+00   3.58094E+02
 1.33034E+00   3.57322E+02
 1.32030E+00   3.56821E+02
 1.30817E+00   3.56088E+02
 1.29874E+00   3.55559E+02
 1.28526E+00   3.54904E+02
 1.27667E+00   3.54315E+02
 1.26181E+00   3.53740E+02
 1.25368E+00   3.53094E+02
 1.23800E+00   3.52571E+02
 1.22982E+00   3.51908E+02
 1.21368E+00   3.51401E+02
 1.20525E+00   3.50776E+02
 1.18864E+00   3.50244E+02
 1.17990E+00   3.49704E+02
 1.16277E+00   3.49117E+02
 1.15359E+00   3.48679E+02
 1.13624E+00   3.48028E+02
 1.12627E+00   3.47678E+02
 1.10932E+00   3.46980E+02
 1.09812E+00   3.46675E+02
 1.08214E+00   3.45972E+02
 1.06938E+00   3.45660E+02
 1.05456E+00   3.45004E+02
 1.04026E+00   3.44643E+02
 1.02623E+00   3.44070E+02
 1.01080E+00   3.43646E+02
 9.96825E-01   3.43163E+02
 9.80906E-01   3.42694E+02
 9.66194E-01   3.42274E+02
 9.50427E-01   3.41800E+02
 9.34469E-01   3.41400E+02
 9.19235E-01   3.40964E+02
 9.01970E-01   3.40545E+02
 8.87283E-01   3.40176E+02
 8.69049E-01   3.39713E+02
 8.54603E-01   3.39424E+02
 8.35930E-01   3.38909E+02
 8.21267E-01   3.38699E+02
 8.02677E-01   3.38141E+02
 7.87319E-01   3.37996E+02
 7.69210E-01   3.37411E+02
 7.52829E-01   3.37312E+02
 7.35308E-01   3.36723E+02
 7.17872E-01   3.36648E+02
 7.00784E-01   3.36074E+02
 6.82441E-01   3.36010E+02
 6.65575E-01   3.35463E+02
 6.46472E-01   3.35401E+02
 6.29685E-01   3.34889E+02
 6.09905E-01   3.34826E+02
 5.93165E-01   3.34347E+02
 5.72739E-01   3.34289E+02
 5.56069E-01   3.33834E+02
 5.35035E-01   3.33795E+02
 5.18460E-01   3.33348E+02
 4.96850E-01   3.33344E+02
 4.80402E-01   3.32889E+02
 4.58213E-01   3.32936E+02
 4.41962E-01   3.32460E+02
 4.19187E-01   3.32568E+02
 4.03166E-01   3.32063E+02
 3.79870E-01   3.32237E+02
 3.64007E-01   3.31701E+02
 3.40340E-01   3.31947E+02
 3.24486E-01   3.31371E+02
 3.00634E-01   3.31697E+02
 2.84642E-01   3.31074E+02
 2.60767E-01   3.31485E+02
 2.44538E-01   3.30812E+02
 2.20725E-01   3.31313E+02
 2.04262E-01   3.30582E+02
 1.80477E-01   3.31195E+02
 1.63850E-01   3.30373E+02
 1.40041E-01   3.31150E+02
 1.23336E-01   3.30166E+02
 9.94747E-02   3.31222E+02
 8.27283E-02   3.29900E+02
 5.88165E-02   3.31593E+02
 4.20700E-02   3.29319E+02
 1.81073E-02   3.34047E+02
 1.61044E-03   3.00543E+02
 2.27437E-02   1.47562E+02
 3.92650E-02   1.51627E+02
 6.35036E-02   1.49416E+02
 7.99024E-02   1.51115E+02
 1.04199E-01   1.49868E+02
 1.20503E-01   1.51031E+02
 1.44788E-01   1.50138E+02
 1.60997E-01   1.51074E+02
 1.85259E-01   1.50375E+02
 2.01312E-01   1.51186E+02
 2.25603E-01   1.50617E+02
 2.41430E-01   1.51346E+02
 2.65756E-01   1.50884E+02
 2.81346E-01   1.51544E+02
 3.05609E-01   1.51178E+02
 3.21088E-01   1.51781E+02
 3.45074E-01   1.51500E+02
 3.60621E-01   1.52058E+02
 3.84120E-01   1.51846E+02
 3.99910E-01   1.52375E+02
 4.22709E-01   1.52222E+02
 4.38930E-01   1.52725E+02
 4.60826E-01   1.52633E+02
 4.77629E-01   1.53104E+02
 4.98501E-01   1.53081E+02
 5.15908E-01   1.53516E+02
 5.35786E-01   1.53561E+02
 5.53713E-01   1.53969E+02
 5.72710E-01   1.54070E+02
 5.91039E-01   1.54466E+02
 6.09340E-01   1.54607E+02
 6.27849E-01   1.55010E+02
 6.45717E-01   1.55175E+02
 6.64160E-01   1.55598E+02
 6.81823E-01   1.55778E+02
 7.00015E-01   1.56229E+02
 7.17591E-01   1.56417E+02
 7.35436E-01   1.56902E+02
 7.52926E-01   1.57091E+02
 7.70400E-01   1.57609E+02
 7.87681E-01   1.57800E+02
 8.04832E-01   1.58344E+02
 8.21675E-01   1.58542E+02
 8.38617E-01   1.59098E+02
 8.54762E-01   1.59313E+02
 8.71629E-01   1.59866E+02
 8.86894E-01   1.60114E+02
 9.03787E-01   1.60647E+02
 9.18173E-01   1.60942E+02
 9.35096E-01   1.61448E+02
 9.48824E-01   1.61796E+02
 9.65682E-01   1.62280E+02
 9.79155E-01   1.62672E+02
 9.95720E-01   1.63161E+02
 1.00942E+00   1.63570E+02
 1.02533E+00   1.64100E+02
 1.03956E+00   1.64495E+02
 1.05455E+00   1.65093E+02
 1.06913E+00   1.65457E+02
 1.08336E+00   1.66120E+02
 1.09742E+00   1.66464E+02
 1.11156E+00   1.67155E+02
 1.12409E+00   1.67525E+02
 1.13895E+00   1.68181E+02
 1.14940E+00   1.68630E+02
 1.16546E+00   1.69204E+02
 1.17423E+00   1.69758E+02
 1.19126E+00   1.70252E+02
 1.19949E+00   1.70881E+02
 1.21662E+00   1.71357E+02
 1.22534E+00   1.71989E+02
 1.24161E+00   1.72531E+02
 1.25090E+00   1.73100E+02
 1.26587E+00   1.73750E+02
 1.27493E+00   1.74249E+02
 1.28892E+00   1.74977E+02
 1.29705E+00   1.75460E+02
 1.31078E+00   1.76187E+02
 1.31817E+00   1.76719E+02
 1.33216E+00   1.77397E+02
 1.33965E+00   1.77987E+02
 1.35383E+00   1.78646E+02
 1.36164E+00   1.79250E+02
 1.37567E+00   1.79952E+02
 1.38281E+00   1.80547E+02
 1.39657E+00   1.81288E+02
 1.40199E+00   1.81933E+02
 1.41559E+00   1.82615E+02
 1.41986E+00   1.83384E+02
 1.43307E+00   1.83935E+02
 1.43816E+00   1.84800E+02
 1.45025E+00   1.85293E+02
 1.45727E+00   1.86124E+02
 1.46775E+00   1.86719E+02
 1.47561E+00   1.87440E+02
 1.48514E+00   1.88181E+02
 1.49219E+00   1.88879E+02
 1.50194E+00   1.89626E+02
 1.50826E+00   1.90423E+02
 1.51811E+00   1.91056E+02
 1.52497E+00   1.91931E+02
 1.53337E+00   1.92529E+02
 1.54113E+00   1.93372E+02
 1.54753E+00   1.94062E+02
 1.55544E+00   1.94885E+02
 1.56160E+00   1.95595E+02
 1.56874E+00   1.96512E+02
 1.57602E+00   1.97100E+02
 1.58211E+00   1.98103E+02
 1.58916E+00   1.98653E+02
 1.59542E+00   1.99587E+02
 1.60078E+00   2.00297E+02
 1.60902E+00   2.01089E+02
 1.61308E+00   2.01943E+02
 1.62315E+00   2.02680E+02
 1.62516E+00   2.03533E+02
 1.63660E+00   2.04322E+02
 1.63517E+00   2.05149E+02
 1.64817E+00   2.05995E+02
 1.64639E+00   2.06818E+02
 1.65704E+00   2.07633E+02
 1.65920E+00   2.08498E+02
 1.66431E+00   2.09208E+02
 1.66966E+00   2.10213E+02
 1.67523E+00   2.10884E+02
 1.68035E+00   2.11887E+02
 1.68727E+00   2.12690E+02
 1.69061E+00   2.13537E+02
 1.69329E+00   2.14436E+02
 1.69819E+00   2.15332E+02
 1.70213E+00   2.16130E+02
 1.70925E+00   2.17015E+02
 1.71433E+00   2.17872E+02
 1.71721E+00   2.18649E+02
 1.71956E+00   2.19623E+02
 1.72074E+00   2.20578E+02
 1.72860E+00   2.21367E+02
 1.73226E+00   2.22307E+02
 1.73547E+00   2.23197E+02
 1.74011E+00   2.24174E+02
 1.74221E+00   2.24979E+02
