/rn,a,b/nx0/ls1
283 -0.282 0.282 0 OUTPUT_AMP_PHASE Wavelength=0.564
 1.28985E+00   6.52781E+01
 1.29350E+00   6.44464E+01
 1.29634E+00   6.36284E+01
 1.29900E+00   6.28305E+01
 1.30230E+00   6.20589E+01
 1.30549E+00   6.13025E+01
 1.30789E+00   6.04922E+01
 1.31135E+00   5.96646E+01
 1.31513E+00   5.89094E+01
 1.31715E+00   5.81781E+01
 1.31942E+00   5.74148E+01
 1.32211E+00   5.66570E+01
 1.32452E+00   5.58802E+01
 1.32734E+00   5.50977E+01
 1.33000E+00   5.43742E+01
 1.33210E+00   5.36287E+01
 1.33383E+00   5.28892E+01
 1.33607E+00   5.21534E+01
 1.33832E+00   5.13874E+01
 1.34024E+00   5.06798E+01
 1.34273E+00   4.99559E+01
 1.34439E+00   4.92451E+01
 1.34591E+00   4.85569E+01
 1.34783E+00   4.78211E+01
 1.34893E+00   4.71231E+01
 1.35034E+00   4.64153E+01
 1.35176E+00   4.57094E+01
 1.35261E+00   4.50359E+01
 1.35392E+00   4.43496E+01
 1.35502E+00   4.36729E+01
 1.35567E+00   4.30102E+01
 1.35674E+00   4.23347E+01
 1.35706E+00   4.16726E+01
 1.35752E+00   4.10148E+01
 1.35791E+00   4.03477E+01
 1.35800E+00   3.97066E+01
 1.35834E+00   3.90556E+01
 1.35824E+00   3.84272E+01
 1.35824E+00   3.78044E+01
 1.35773E+00   3.71864E+01
 1.35725E+00   3.65802E+01
 1.35644E+00   3.59636E+01
 1.35545E+00   3.53591E+01
 1.35464E+00   3.47459E+01
 1.35324E+00   3.41465E+01
 1.35217E+00   3.35519E+01
 1.35055E+00   3.29695E+01
 1.34878E+00   3.23991E+01
 1.34709E+00   3.18335E+01
 1.34475E+00   3.12787E+01
 1.34282E+00   3.07211E+01
 1.34040E+00   3.01729E+01
 1.33792E+00   2.96210E+01
 1.33546E+00   2.90819E+01
 1.33232E+00   2.85425E+01
 1.32936E+00   2.80184E+01
 1.32573E+00   2.75006E+01
 1.32194E+00   2.69915E+01
 1.31801E+00   2.64973E+01
 1.31360E+00   2.60002E+01
 1.30936E+00   2.55224E+01
 1.30470E+00   2.50382E+01
 1.30004E+00   2.45674E+01
 1.29524E+00   2.41006E+01
 1.29007E+00   2.36345E+01
 1.28489E+00   2.31858E+01
 1.27921E+00   2.27320E+01
 1.27337E+00   2.22990E+01
 1.26720E+00   2.18677E+01
 1.26064E+00   2.14480E+01
 1.25394E+00   2.10439E+01
 1.24679E+00   2.06389E+01
 1.23954E+00   2.02576E+01
 1.23195E+00   1.98724E+01
 1.22412E+00   1.95057E+01
 1.21613E+00   1.91433E+01
 1.20776E+00   1.87865E+01
 1.19926E+00   1.84457E+01
 1.19039E+00   1.81008E+01
 1.18128E+00   1.77778E+01
 1.17192E+00   1.74508E+01
 1.16217E+00   1.71428E+01
 1.15226E+00   1.68399E+01
 1.14190E+00   1.65474E+01
 1.13137E+00   1.62717E+01
 1.12045E+00   1.59988E+01
 1.10927E+00   1.57498E+01
 1.09781E+00   1.55022E+01
 1.08598E+00   1.52774E+01
 1.07396E+00   1.50591E+01
 1.06152E+00   1.48564E+01
 1.04890E+00   1.46691E+01
 1.03591E+00   1.44889E+01
 1.02265E+00   1.43313E+01
 1.00912E+00   1.41765E+01
 9.95230E-01   1.40463E+01
 9.81145E-01   1.39208E+01
 9.66645E-01   1.38172E+01
 9.51986E-01   1.37246E+01
 9.36900E-01   1.36489E+01
 9.21660E-01   1.35924E+01
 9.06016E-01   1.35475E+01
 8.90180E-01   1.35301E+01
 8.74013E-01   1.35206E+01
 8.57574E-01   1.35443E+01
 8.40910E-01   1.35762E+01
 8.23878E-01   1.36440E+01
 8.06723E-01   1.37229E+01
 7.89138E-01   1.38387E+01
 7.71488E-01   1.39713E+01
 7.53393E-01   1.41396E+01
 7.35258E-01   1.43339E+01
 7.16692E-01   1.45610E+01
 6.98090E-01   1.48250E+01
 6.79096E-01   1.51204E+01
 6.60051E-01   1.54632E+01
 6.40675E-01   1.58395E+01
 6.21225E-01   1.62730E+01
 6.01518E-01   1.67453E+01
 5.81712E-01   1.72863E+01
 5.61727E-01   1.78738E+01
 5.41634E-01   1.85438E+01
 5.21429E-01   1.92721E+01
 5.01142E-01   2.00998E+01
 4.80799E-01   2.10041E+01
 4.60413E-01   2.20285E+01
 4.40051E-01   2.31565E+01
 4.19695E-01   2.44312E+01
 3.99468E-01   2.58473E+01
 3.79327E-01   2.74498E+01
 3.59440E-01   2.92430E+01
 3.39771E-01   3.12818E+01
 3.20523E-01   3.35801E+01
 3.01704E-01   3.62043E+01
 2.83537E-01   3.91857E+01
 2.66126E-01   4.25982E+01
 2.49713E-01   4.64910E+01
 2.34527E-01   5.09393E+01
 2.20870E-01   5.59879E+01
 2.09072E-01   6.16813E+01
 1.99506E-01   6.80063E+01
 1.92532E-01   7.49009E+01
 1.88470E-01   8.22257E+01
 1.87526E-01   8.97628E+01
 1.89775E-01   9.72764E+01
 1.95105E-01   1.04509E+02
 2.03302E-01   1.11287E+02
 2.14015E-01   1.17476E+02
 2.26921E-01   1.23048E+02
 2.41615E-01   1.27991E+02
 2.57857E-01   1.32372E+02
 2.75259E-01   1.36227E+02
 2.93736E-01   1.39638E+02
 3.12925E-01   1.42654E+02
 3.32856E-01   1.45340E+02
 3.53210E-01   1.47738E+02
 3.74080E-01   1.49892E+02
 3.95174E-01   1.51841E+02
 4.16635E-01   1.53605E+02
 4.38185E-01   1.55227E+02
 4.59988E-01   1.56705E+02
 4.81793E-01   1.58082E+02
 5.03756E-01   1.59347E+02
 5.25684E-01   1.60542E+02
 5.47658E-01   1.61645E+02
 5.69609E-01   1.62702E+02
 5.91490E-01   1.63682E+02
 6.13370E-01   1.64631E+02
 6.35082E-01   1.65517E+02
 6.56815E-01   1.66382E+02
 6.78289E-01   1.67197E+02
 6.99819E-01   1.67994E+02
 7.20999E-01   1.68755E+02
 7.42263E-01   1.69498E+02
 7.63121E-01   1.70218E+02
 7.84052E-01   1.70917E+02
 8.04571E-01   1.71605E+02
 8.25101E-01   1.72271E+02
 8.45278E-01   1.72934E+02
 8.65344E-01   1.73573E+02
 8.85166E-01   1.74216E+02
 9.04737E-01   1.74835E+02
 9.24169E-01   1.75460E+02
 9.43240E-01   1.76067E+02
 9.62237E-01   1.76674E+02
 9.80817E-01   1.77273E+02
 9.99336E-01   1.77865E+02
 1.01744E+00   1.78457E+02
 1.03543E+00   1.79038E+02
 1.05307E+00   1.79625E+02
 1.07049E+00   1.80200E+02
 1.08768E+00   1.80782E+02
 1.10452E+00   1.81355E+02
 1.12121E+00   1.81931E+02
 1.13749E+00   1.82508E+02
 1.15361E+00   1.83081E+02
 1.16937E+00   1.83664E+02
 1.18484E+00   1.84237E+02
 1.20009E+00   1.84824E+02
 1.21491E+00   1.85402E+02
 1.22960E+00   1.85989E+02
 1.24380E+00   1.86575E+02
 1.25787E+00   1.87159E+02
 1.27154E+00   1.87751E+02
 1.28493E+00   1.88333E+02
 1.29816E+00   1.88928E+02
 1.31091E+00   1.89511E+02
 1.32368E+00   1.90106E+02
 1.33593E+00   1.90696E+02
 1.34813E+00   1.91288E+02
 1.36000E+00   1.91890E+02
 1.37151E+00   1.92484E+02
 1.38296E+00   1.93094E+02
 1.39377E+00   1.93697E+02
 1.40459E+00   1.94311E+02
 1.41479E+00   1.94927E+02
 1.42477E+00   1.95541E+02
 1.43447E+00   1.96168E+02
 1.44367E+00   1.96786E+02
 1.45290E+00   1.97416E+02
 1.46167E+00   1.98044E+02
 1.47038E+00   1.98673E+02
 1.47899E+00   1.99312E+02
 1.48717E+00   1.99944E+02
 1.49549E+00   2.00588E+02
 1.50319E+00   2.01228E+02
 1.51076E+00   2.01874E+02
 1.51802E+00   2.02526E+02
 1.52463E+00   2.03177E+02
 1.53137E+00   2.03838E+02
 1.53742E+00   2.04500E+02
 1.54353E+00   2.05166E+02
 1.54950E+00   2.05835E+02
 1.55501E+00   2.06506E+02
 1.56076E+00   2.07174E+02
 1.56583E+00   2.07852E+02
 1.57080E+00   2.08525E+02
 1.57556E+00   2.09211E+02
 1.57977E+00   2.09901E+02
 1.58424E+00   2.10594E+02
 1.58831E+00   2.11303E+02
 1.59243E+00   2.11996E+02
 1.59645E+00   2.12706E+02
 1.60001E+00   2.13399E+02
 1.60341E+00   2.14101E+02
 1.60619E+00   2.14806E+02
 1.60887E+00   2.15511E+02
 1.61116E+00   2.16239E+02
 1.61369E+00   2.16958E+02
 1.61603E+00   2.17698E+02
 1.61827E+00   2.18427E+02
 1.62055E+00   2.19158E+02
 1.62203E+00   2.19893E+02
 1.62366E+00   2.20620E+02
 1.62493E+00   2.21359E+02
 1.62605E+00   2.22104E+02
 1.62749E+00   2.22849E+02
 1.62853E+00   2.23612E+02
 1.62923E+00   2.24375E+02
 1.62999E+00   2.25131E+02
 1.63007E+00   2.25907E+02
 1.63024E+00   2.26651E+02
 1.63076E+00   2.27414E+02
 1.63054E+00   2.28185E+02
 1.63065E+00   2.28946E+02
 1.63046E+00   2.29750E+02
 1.62960E+00   2.30528E+02
 1.62941E+00   2.31315E+02
 1.62893E+00   2.32105E+02
 1.62783E+00   2.32875E+02
 1.62709E+00   2.33685E+02
 1.62600E+00   2.34484E+02
 1.62441E+00   2.35285E+02
 1.62406E+00   2.36093E+02
 1.62329E+00   2.36879E+02
 1.62087E+00   2.37679E+02
 1.61933E+00   2.38497E+02
 1.61761E+00   2.39313E+02
 1.61524E+00   2.40126E+02
 1.61420E+00   2.40947E+02
 1.61261E+00   2.41789E+02
 1.60962E+00   2.42619E+02
 1.60718E+00   2.43430E+02
