20.386464703416415 52190.0979167
20.467297975850364 52190.1048958
20.49052039776099 52190.1122569
20.43233631750639 52190.1189468
20.482970412602377 52190.1262153
20.482988831394493 52190.1328935
20.51964005937061 52190.1415046
20.46402127045957 52190.1481829
20.41459809503992 52190.1597454
20.370336719756608 52190.1664236
20.300523981428384 52190.1743171
20.22929393051116 52190.1809954
20.202154970460036 52190.1953009
20.146623497285802 52190.2022222
20.134653852551125 52190.2094792
20.14190045172618 52190.216169
20.045927774747412 52190.2235532
20.059336896864792 52190.2302431
20.032080390727707 52190.2377778
19.990385770855045 52190.2444676
19.98025500539758 52190.2606944
19.913051736219984 52190.2675347
19.895454710456523 52190.2748032
19.893431855794525 52190.2814931
19.935344267060557 52190.2887731
19.881607025379946 52190.2954514
19.869577396087834 52190.3034259
19.87281309123962 52190.3101157
20.018061255560003 52190.3232639
19.899867041619565 52190.3303009
19.918663013695273 52190.3375926
19.843164773216092 52190.344294
19.917866017582853 52190.3528472
