1139.0 1186.0 1149.4763397023562 1155.764239472864
1139.0 1186.0 1153.0645222705612 1154.8031943065118
1140.0 1186.0 1156.7949966154124 1153.2747039760686
1140.0 1186.0 1160.0815659397733 1152.087749086431
1140.0 1186.0 1163.1194278674175 1150.9098791710371
1140.0 1186.0 1166.2143760381705 1149.6802349719042
1068.0 1181.0 1098.1381405174202 1142.8316995105868
1068.0 1181.0 1101.29337753131 1141.709795069727
1068.0 1181.0 1106.8450412269133 1139.2664059129397
1068.0 1181.0 1109.8327458633344 1138.0191643551334
1063.0 1222.0 1108.3653553715571 1177.248445029206
1064.0 1222.0 1111.691219778476 1176.1140694677833
1108.0 1179.0 1162.9407386456417 1130.8705978759651
1109.0 1179.0 1166.3054349120955 1129.7869558143257
1109.0 1179.0 1169.6710947083309 1128.3477443336621
1109.0 1180.0 1172.985530640208 1127.400564525716
1111.0 1138.0 1177.5553786009964 1084.333277159906
1111.0 1138.0 1181.321436647917 1082.653512310123
1077.0 1139.0 1150.9372554346976 1082.377016001068
1078.0 1139.0 1154.1244202362789 1081.2618169490556
1092.0 1203.0 1176.2263151356926 1142.7003764958467
1093.0 1203.0 1179.378494634906 1141.454240983924
1093.0 1203.0 1182.8341213541794 1139.956830818799
1093.0 1203.0 1185.8672753554597 1138.7620955634084
1093.0 1203.0 1189.2448412002122 1137.212603059762
1093.0 1203.0 1192.3055328958144 1136.0327061444348
1061.0 1179.0 1163.9875780479877 1109.9711296095918
1061.0 1179.0 1167.1888309886212 1108.5677267014046
1073.0 1200.0 1184.949427995642 1127.1060261350526
1073.0 1200.0 1188.2497971290868 1125.863776205121
1046.0 1181.0 1164.0384049431611 1105.8766156268377
1046.0 1181.0 1167.0931017095943 1104.684345571323
1047.0 1181.0 1171.3290035535395 1102.9877035402546
