20.370498981608183 52191.0812616
20.36452943047118 52191.0882986
20.30921370161471 52191.0955671
20.469309958774815 52191.1022338
20.30182732433208 52191.1095139
20.426181281380533 52191.1162153
20.296636228999063 52191.1234954
20.30731503652548 52191.130162
20.300228464364285 52191.1374537
20.244443681269686 52191.1441319
20.19552809369167 52191.1514583
20.165918304929846 52191.1581481
20.071310798432677 52191.1654167
20.15392288838494 52191.1720949
20.082218154442486 52191.1793403
20.041362515380897 52191.1860301
20.00543139534532 52191.2035069
19.989421326818245 52191.2101968
19.934734140984766 52191.2179977
19.87995085731078 52191.2246759
19.84784318576154 52191.2417014
19.8600368384761 52191.2485069
19.842891501061814 52191.2558333
19.793407129758265 52191.2625116
19.832957214955496 52191.2747222
19.836966169666002 52191.2815278
19.96328104860814 52191.2887847
19.919147876834398 52191.2954861
19.990122424860218 52191.3027778
19.953904124940802 52191.3094444
19.95622663317223 52191.3216204
20.038783529137078 52191.3284144
20.030501440038773 52191.3356944
20.042964837566267 52191.3423843
20.226905622888353 52191.3496181
20.163203458469148 52191.356331
