733.0 1395.0 1169.981575342556 1166.0532896411564
734.0 1395.0 1173.137271284938 1165.0775509860596
729.0 1429.0 1172.4252874932936 1197.3992522009696
730.0 1429.0 1175.4075516567011 1196.4810539830369
730.0 1429.0 1178.8779970470455 1194.9142515369158
730.0 1430.0 1181.9829250011921 1193.8560269150319
730.0 1429.0 1185.7096065018827 1192.232889256514
730.0 1430.0 1188.6770734364454 1191.1346391058964
730.0 1429.0 1191.8157194359908 1189.5465054858134
730.0 1430.0 1195.0196759968399 1188.5028589353637
731.0 1430.0 1198.4877841208413 1186.8834450875354
731.0 1429.0 1201.375153570591 1185.2521527376841
622.0 1425.0 1095.9624323704065 1179.2525636685853
622.0 1425.0 1099.5921459362353 1177.830957099955
619.0 1376.0 1099.304638559992 1127.4095094455647
619.0 1376.0 1102.8113465828096 1126.1315257555445
662.0 1402.0 1152.9567933295418 1149.0123235979315
662.0 1403.0 1155.9794711054335 1147.9750458138235
666.0 1378.0 1163.1272017054853 1121.9735749051863
666.0 1378.0 1166.228993314237 1120.6930991235238
749.0 1410.0 1256.563714744113 1148.8036892421471
749.0 1410.0 1259.8620905850962 1147.716462231054
749.0 1410.0 1263.091476803537 1146.1802627745342
749.0 1410.0 1266.2915711817632 1144.9147297873942
717.0 1315.0 1239.8829821549223 1047.8317499374907
717.0 1316.0 1242.999793053733 1046.546114212771
718.0 1315.0 1246.3299547707657 1045.0160955421384
718.0 1315.0 1249.343791781649 1043.6358754589776
688.0 1311.0 1222.9002460918985 1038.0492018542145
688.0 1311.0 1225.9634716868131 1036.9382340481236
775.0 1305.0 1318.2092129544085 1028.0400759328552
775.0 1305.0 1321.6346851490975 1026.8284956322843
747.0 1274.0 1296.9474936232345 993.9313971213455
748.0 1274.0 1300.128549526194 992.8104542865783
748.0 1274.0 1303.6512316493781 991.0237829569871
749.0 1274.0 1306.9964741688445 990.0150564818362
